   0.214373    0.419497    0.397992    0.371058    0.356102    0.356529    0.383297    0.207946    0.419497    0.820689    0.778125    0.724822    0.695225    0.696081    0.749054    0.406779    0.397992    0.778125    0.736594    0.684598    0.655731    0.656589    0.708261    0.385587    0.371058    0.724822    0.684598    0.634257    0.606316    0.607176    0.657201    0.359049    0.356102    0.695225    0.655731    0.606316    0.578892    0.579753    0.628857    0.344314    0.356529    0.696081    0.656589    0.607176    0.579753    0.580614    0.629715    0.344742    0.383297    0.749054    0.708261    0.657201    0.628857    0.629715    0.680457    0.371115    0.207946    0.406779    0.385587    0.359049    0.344314    0.344742    0.371115    0.201614
   0.234951    0.339604      0.0289   -0.263025   -0.365685   -0.221654   0.0552764    0.154303     0.46022    0.665291   0.0569938   -0.514024   -0.714196   -0.431603     0.10997     0.30225    0.437713    0.632937   0.0551234   -0.486056   -0.674251   -0.404366    0.108633    0.287473     0.40951    0.592393    0.052767   -0.451049   -0.624265   -0.370318    0.106902    0.268956    0.393846    0.569872   0.0514544   -0.431617   -0.596521   -0.351432    0.105923    0.258671    0.394271     0.57048   0.0514704   -0.432205   -0.597381   -0.352075    0.105865     0.25895    0.422301    0.610777   0.0538138   -0.466993   -0.647053   -0.385904    0.107591    0.277354     0.22822    0.329928   0.0283368   -0.254673    -0.35376   -0.213535   0.0548596    0.149884
   0.230812    0.195016   -0.289609   -0.439866  -0.0992993    0.301726    0.319993  -0.0203983    0.452033    0.381874   -0.567125   -0.861261   -0.194605    0.589529    0.624858  -0.0401645    0.429737    0.362907   -0.539009   -0.818317   -0.185323    0.557148    0.589673  -0.0386967      0.4018    0.339145   -0.503781   -0.764514   -0.173687     0.51662    0.545644  -0.0368506    0.386284    0.325947   -0.484216   -0.734633   -0.167223    0.494124    0.521208   -0.035823     0.38671    0.326312   -0.484756   -0.735462   -0.167394    0.494811     0.52197    -0.03584    0.414475    0.349929   -0.519767   -0.788934   -0.178958    0.535085    0.565721  -0.0376757    0.224145    0.189345   -0.281203   -0.427027  -0.0965223    0.292057     0.30949  -0.0199573
    0.23211   0.0687757   -0.436266   -0.180943    0.365999    0.287512   -0.252843   -0.150482      0.4546    0.134749   -0.854265   -0.354134    0.716324    0.562722   -0.494176   -0.293799    0.432237    0.128233   -0.811796   -0.336107    0.679881    0.534121   -0.467405   -0.277132    0.404217    0.120067   -0.758589   -0.313528    0.634233    0.498295   -0.433894   -0.256278    0.388654    0.115531   -0.729038   -0.300989    0.608884      0.4784   -0.415292   -0.244705     0.38908    0.115653   -0.729856   -0.301345    0.609603    0.478962   -0.415852   -0.245068    0.416928    0.123769   -0.782737   -0.323785    0.654969    0.514567   -0.449154    -0.26579    0.225423   0.0668269   -0.423569   -0.175556    0.355107    0.278963   -0.244848   -0.145507
    0.23211  -0.0687757   -0.436266    0.180943    0.365999   -0.287512   -0.252843    0.150482      0.4546   -0.134749   -0.854265    0.354134    0.716324   -0.562722   -0.494176    0.293799    0.432237   -0.128233   -0.811796    0.336107    0.679881   -0.534121   -0.467405    0.277132    0.404217   -0.120067   -0.758589    0.313528    0.634233   -0.498295   -0.433894    0.256278    0.388654   -0.115531   -0.729038    0.300989    0.608884     -0.4784   -0.415292    0.244705     0.38908   -0.115653   -0.729856    0.301345    0.609603   -0.478962   -0.415852    0.245068    0.416928   -0.123769   -0.782737    0.323785    0.654969   -0.514567   -0.449154     0.26579    0.225423  -0.0668269   -0.423569    0.175556    0.355107   -0.278963   -0.244848    0.145507
   0.230812   -0.195016   -0.289609    0.439866  -0.0992993   -0.301726    0.319993   0.0203983    0.452033   -0.381874   -0.567125    0.861261   -0.194605   -0.589529    0.624858   0.0401645    0.429737   -0.362907   -0.539009    0.818317   -0.185323   -0.557148    0.589673   0.0386967      0.4018   -0.339145   -0.503781    0.764514   -0.173687    -0.51662    0.545644   0.0368506    0.386284   -0.325947   -0.484216    0.734633   -0.167223   -0.494124    0.521208    0.035823     0.38671   -0.326312   -0.484756    0.735462   -0.167394   -0.494811     0.52197     0.03584    0.414475   -0.349929   -0.519767    0.788934   -0.178958   -0.535085    0.565721   0.0376757    0.224145   -0.189345   -0.281203    0.427027  -0.0965223   -0.292057     0.30949   0.0199573
   0.234951   -0.339604      0.0289    0.263025   -0.365685    0.221654   0.0552764   -0.154303     0.46022   -0.665291   0.0569938    0.514024   -0.714196    0.431603     0.10997    -0.30225    0.437713   -0.632937   0.0551234    0.486056   -0.674251    0.404366    0.108633   -0.287473     0.40951   -0.592393    0.052767    0.451049   -0.624265    0.370318    0.106902   -0.268956    0.393846   -0.569872   0.0514544    0.431617   -0.596521    0.351432    0.105923   -0.258671    0.394271    -0.57048   0.0514704    0.432205   -0.597381    0.352075    0.105865    -0.25895    0.422301   -0.610777   0.0538138    0.466993   -0.647053    0.385904    0.107591   -0.277354     0.22822   -0.329928   0.0283368    0.254673    -0.35376    0.213535   0.0548596   -0.149884
   0.214373   -0.419497    0.397992   -0.371058    0.356102   -0.356529    0.383297   -0.207946    0.419497   -0.820689    0.778125   -0.724822    0.695225   -0.696081    0.749054   -0.406779    0.397992   -0.778125    0.736594   -0.684598    0.655731   -0.656589    0.708261   -0.385587    0.371058   -0.724822    0.684598   -0.634257    0.606316   -0.607176    0.657201   -0.359049    0.356102   -0.695225    0.655731   -0.606316    0.578892   -0.579753    0.628857   -0.344314    0.356529   -0.696081    0.656589   -0.607176    0.579753   -0.580614    0.629715   -0.344742    0.383297   -0.749054    0.708261   -0.657201    0.628857   -0.629715    0.680457   -0.371115    0.207946   -0.406779    0.385587   -0.359049    0.344314   -0.344742    0.371115   -0.201614
   0.234951     0.46022    0.437713     0.40951    0.393846    0.394271    0.422301     0.22822    0.339604    0.665291    0.632937    0.592393    0.569872     0.57048    0.610777    0.329928      0.0289   0.0569938   0.0551234    0.052767   0.0514544   0.0514704   0.0538138   0.0283368   -0.263025   -0.514024   -0.486056   -0.451049   -0.431617   -0.432205   -0.466993   -0.254673   -0.365685   -0.714196   -0.674251   -0.624265   -0.596521   -0.597381   -0.647053    -0.35376   -0.221654   -0.431603   -0.404366   -0.370318   -0.351432   -0.352075   -0.385904   -0.213535   0.0552764     0.10997    0.108633    0.106902    0.105923    0.105865    0.107591   0.0548596    0.154303     0.30225    0.287473    0.268956    0.258671     0.25895    0.277354    0.149884
     0.2565    0.370584   0.0307029   -0.289766   -0.403866   -0.247654   0.0566096    0.168453    0.370584    0.535382   0.0442162   -0.419086   -0.584275   -0.358758   0.0811596    0.243375   0.0307029   0.0442162  0.00295602  -0.0369046  -0.0522796   -0.034454  0.00360618   0.0201607   -0.289766   -0.419086  -0.0369046    0.320494    0.444092    0.264927  -0.0737359   -0.190309   -0.403866   -0.584275  -0.0522796    0.444092    0.614347     0.36361   -0.106485    -0.26525   -0.247654   -0.358758   -0.034454    0.264927     0.36361    0.206948  -0.0758567   -0.162664   0.0566096   0.0811596  0.00360618  -0.0737359   -0.106485  -0.0758567   -0.001478   0.0371639    0.168453    0.243375   0.0201607   -0.190309    -0.26525   -0.162664   0.0371639    0.110629
   0.252158    0.213172   -0.316526   -0.480975   -0.108191    0.332684    0.353623  -0.0218104     0.36434     0.30803   -0.457367   -0.695028   -0.156275    0.481205    0.511625   -0.031434    0.030332   0.0257448  -0.0381876  -0.0582208  -0.0127671   0.0426076   0.0459596 -0.00222156     -0.2844   -0.240113    0.356651    0.541352    0.122789   -0.367232   -0.388277   0.0258406   -0.396212   -0.334394    0.496738     0.75376    0.171355    -0.50857   -0.536912   0.0364725   -0.242464   -0.204292    0.303606    0.460054    0.105688   -0.302581   -0.317145   0.0236621   0.0563082   0.0480539  -0.0711778   -0.109008  -0.0230684   0.0857017   0.0940488  -0.0030976    0.165601    0.139998   -0.207875   -0.315876  -0.0710522    0.218497    0.232252  -0.0143222
    0.25352   0.0750153    -0.47692   -0.198194    0.400875    0.314883   -0.278442    -0.16641    0.366299    0.108369   -0.689149   -0.286456    0.579393    0.455104   -0.402691   -0.240782   0.0304487   0.0089212  -0.0576298  -0.0242791    0.049093   0.0385414  -0.0353723  -0.0217228   -0.286082  -0.0849235    0.537097    0.222184   -0.449444   -0.353099    0.308248    0.182425   -0.398611   -0.118432    0.747951    0.309021   -0.625121   -0.491143    0.427233    0.252145    -0.24409   -0.072817    0.456843    0.187644   -0.379639   -0.298344    0.255179     0.14861   0.0564044   0.0162997   -0.107649  -0.0461899   0.0933579   0.0732386  -0.0704559  -0.0446761    0.166495   0.0492649   -0.313212   -0.130163    0.263274    0.206799   -0.182872   -0.109295
    0.25352  -0.0750153    -0.47692    0.198194    0.400875   -0.314883   -0.278442     0.16641    0.366299   -0.108369   -0.689149    0.286456    0.579393   -0.455104   -0.402691    0.240782   0.0304487  -0.0089212  -0.0576298   0.0242791    0.049093  -0.0385414  -0.0353723   0.0217228   -0.286082   0.0849235    0.537097   -0.222184   -0.449444    0.353099    0.308248   -0.182425   -0.398611    0.118432    0.747951   -0.309021   -0.625121    0.491143    0.427233   -0.252145    -0.24409    0.072817    0.456843   -0.187644   -0.379639    0.298344    0.255179    -0.14861   0.0564044  -0.0162997   -0.107649   0.0461899   0.0933579  -0.0732386  -0.0704559   0.0446761    0.166495  -0.0492649   -0.313212    0.130163    0.263274   -0.206799   -0.182872    0.109295
   0.252158   -0.213172   -0.316526    0.480975   -0.108191   -0.332684    0.353623   0.0218104     0.36434    -0.30803   -0.457367    0.695028   -0.156275   -0.481205    0.511625    0.031434    0.030332  -0.0257448  -0.0381876   0.0582208  -0.0127671  -0.0426076   0.0459596  0.00222156     -0.2844    0.240113    0.356651   -0.541352    0.122789    0.367232   -0.388277  -0.0258406   -0.396212    0.334394    0.496738    -0.75376    0.171355     0.50857   -0.536912  -0.0364725   -0.242464    0.204292    0.303606   -0.460054    0.105688    0.302581   -0.317145  -0.0236621   0.0563082  -0.0480539  -0.0711778    0.109008  -0.0230684  -0.0857017   0.0940488   0.0030976    0.165601   -0.139998   -0.207875    0.315876  -0.0710522   -0.218497    0.232252   0.0143222
     0.2565   -0.370584   0.0307029    0.289766   -0.403866    0.247654   0.0566096   -0.168453    0.370584   -0.535382   0.0442162    0.419086   -0.584275    0.358758   0.0811596   -0.243375   0.0307029  -0.0442162  0.00295602   0.0369046  -0.0522796    0.034454  0.00360618  -0.0201607   -0.289766    0.419086  -0.0369046   -0.320494    0.444092   -0.264927  -0.0737359    0.190309   -0.403866    0.584275  -0.0522796   -0.444092    0.614347    -0.36361   -0.106485     0.26525   -0.247654    0.358758   -0.034454   -0.264927     0.36361   -0.206948  -0.0758567    0.162664   0.0566096  -0.0811596  0.00360618   0.0737359   -0.106485   0.0758567   -0.001478  -0.0371639    0.168453   -0.243375   0.0201607    0.190309    -0.26525    0.162664   0.0371639   -0.110629
   0.234951    -0.46022    0.437713    -0.40951    0.393846   -0.394271    0.422301    -0.22822    0.339604   -0.665291    0.632937   -0.592393    0.569872    -0.57048    0.610777   -0.329928      0.0289  -0.0569938   0.0551234   -0.052767   0.0514544  -0.0514704   0.0538138  -0.0283368   -0.263025    0.514024   -0.486056    0.451049   -0.431617    0.432205   -0.466993    0.254673   -0.365685    0.714196   -0.674251    0.624265   -0.596521    0.597381   -0.647053     0.35376   -0.221654    0.431603   -0.404366    0.370318   -0.351432    0.352075   -0.385904    0.213535   0.0552764    -0.10997    0.108633   -0.106902    0.105923   -0.105865    0.107591  -0.0548596    0.154303    -0.30225    0.287473   -0.268956    0.258671    -0.25895    0.277354   -0.149884
   0.230812    0.452033    0.429737      0.4018    0.386284     0.38671    0.414475    0.224145    0.195016    0.381874    0.362907    0.339145    0.325947    0.326312    0.349929    0.189345   -0.289609   -0.567125   -0.539009   -0.503781   -0.484216   -0.484756   -0.519767   -0.281203   -0.439866   -0.861261   -0.818317   -0.764514   -0.734633   -0.735462   -0.788934   -0.427027  -0.0992993   -0.194605   -0.185323   -0.173687   -0.167223   -0.167394   -0.178958  -0.0965223    0.301726    0.589529    0.557148     0.51662    0.494124    0.494811    0.535085    0.292057    0.319993    0.624858    0.589673    0.545644    0.521208     0.52197    0.565721     0.30949  -0.0203983  -0.0401645  -0.0386967  -0.0368506   -0.035823    -0.03584  -0.0376757  -0.0199573
   0.252158     0.36434    0.030332     -0.2844   -0.396212   -0.242464   0.0563082    0.165601    0.213172     0.30803   0.0257448   -0.240113   -0.334394   -0.204292   0.0480539    0.139998   -0.316526   -0.457367  -0.0381876    0.356651    0.496738    0.303606  -0.0711778   -0.207875   -0.480975   -0.695028  -0.0582208    0.541352     0.75376    0.460054   -0.109008   -0.315876   -0.108191   -0.156275  -0.0127671    0.122789    0.171355    0.105688  -0.0230684  -0.0710522    0.332684    0.481205   0.0426076   -0.367232    -0.50857   -0.302581   0.0857017    0.218497    0.353623    0.511625   0.0459596   -0.388277   -0.536912   -0.317145   0.0940488    0.232252  -0.0218104   -0.031434 -0.00222156   0.0258406   0.0364725   0.0236621  -0.0030976  -0.0143222
   0.247857    0.209516   -0.311104   -0.472697   -0.106397    0.326474    0.346883  -0.0215216    0.209516     0.17709   -0.262962   -0.399522  -0.0899728    0.275602    0.292735  -0.0182495   -0.311104   -0.262962    0.390473    0.593262    0.133586   -0.409377   -0.434864   0.0270767   -0.472697   -0.399522    0.593262    0.901315     0.20304    -0.62132   -0.659822   0.0412491   -0.106397  -0.0899728    0.133586     0.20304   0.0455883   -0.141035   -0.150084  0.00910067    0.326474    0.275602   -0.409377    -0.62132   -0.141035    0.420706    0.444589   -0.029796    0.346883    0.292735   -0.434864   -0.659822   -0.150084    0.444589    0.469189  -0.0320346  -0.0215216  -0.0182495   0.0270767   0.0412491  0.00910067   -0.029796  -0.0320346  0.00164412
   0.249206   0.0737572   -0.468733   -0.194724    0.393858    0.309376   -0.273304   -0.163219    0.210662    0.062362   -0.396186   -0.164539    0.332806    0.261422   -0.230758   -0.137727   -0.312805  -0.0925944    0.588302    0.244344   -0.494225   -0.388218    0.342752    0.204602   -0.475293   -0.140717    0.893805    0.371142     -0.7507   -0.589688    0.520279    0.310418   -0.106959  -0.0316264    0.201301   0.0837389   -0.169371   -0.133035    0.117968   0.0706517    0.328421   0.0975209    -0.61647   -0.254909    0.515647    0.405117   -0.353231    -0.20885    0.348995    0.103713   -0.654763   -0.270435    0.547069    0.429825    -0.37356   -0.220315  -0.0216124 -0.00634721   0.0408466   0.0171531   -0.034687  -0.0272356   0.0247822   0.0151264
   0.249206  -0.0737572   -0.468733    0.194724    0.393858   -0.309376   -0.273304    0.163219    0.210662   -0.062362   -0.396186    0.164539    0.332806   -0.261422   -0.230758    0.137727   -0.312805   0.0925944    0.588302   -0.244344   -0.494225    0.388218    0.342752   -0.204602   -0.475293    0.140717    0.893805   -0.371142     -0.7507    0.589688    0.520279   -0.310418   -0.106959   0.0316264    0.201301  -0.0837389   -0.169371    0.133035    0.117968  -0.0706517    0.328421  -0.0975209    -0.61647    0.254909    0.515647   -0.405117   -0.353231     0.20885    0.348995   -0.103713   -0.654763    0.270435    0.547069   -0.429825    -0.37356    0.220315  -0.0216124  0.00634721   0.0408466  -0.0171531   -0.034687   0.0272356   0.0247822  -0.0151264
   0.247857   -0.209516   -0.311104    0.472697   -0.106397   -0.326474    0.346883   0.0215216    0.209516    -0.17709   -0.262962    0.399522  -0.0899728   -0.275602    0.292735   0.0182495   -0.311104    0.262962    0.390473   -0.593262    0.133586    0.409377   -0.434864  -0.0270767   -0.472697    0.399522    0.593262   -0.901315     0.20304     0.62132   -0.659822  -0.0412491   -0.106397   0.0899728    0.133586    -0.20304   0.0455883    0.141035   -0.150084 -0.00910067    0.326474   -0.275602   -0.409377     0.62132   -0.141035   -0.420706    0.444589    0.029796    0.346883   -0.292735   -0.434864    0.659822   -0.150084   -0.444589    0.469189   0.0320346  -0.0215216   0.0182495   0.0270767  -0.0412491  0.00910067    0.029796  -0.0320346 -0.00164412
   0.252158    -0.36434    0.030332      0.2844   -0.396212    0.242464   0.0563082   -0.165601    0.213172    -0.30803   0.0257448    0.240113   -0.334394    0.204292   0.0480539   -0.139998   -0.316526    0.457367  -0.0381876   -0.356651    0.496738   -0.303606  -0.0711778    0.207875   -0.480975    0.695028  -0.0582208   -0.541352     0.75376   -0.460054   -0.109008    0.315876   -0.108191    0.156275  -0.0127671   -0.122789    0.171355   -0.105688  -0.0230684   0.0710522    0.332684   -0.481205   0.0426076    0.367232    -0.50857    0.302581   0.0857017   -0.218497    0.353623   -0.511625   0.0459596    0.388277   -0.536912    0.317145   0.0940488   -0.232252  -0.0218104    0.031434 -0.00222156  -0.0258406   0.0364725  -0.0236621  -0.0030976   0.0143222
   0.230812   -0.452033    0.429737     -0.4018    0.386284    -0.38671    0.414475   -0.224145    0.195016   -0.381874    0.362907   -0.339145    0.325947   -0.326312    0.349929   -0.189345   -0.289609    0.567125   -0.539009    0.503781   -0.484216    0.484756   -0.519767    0.281203   -0.439866    0.861261   -0.818317    0.764514   -0.734633    0.735462   -0.788934    0.427027  -0.0992993    0.194605   -0.185323    0.173687   -0.167223    0.167394   -0.178958   0.0965223    0.301726   -0.589529    0.557148    -0.51662    0.494124   -0.494811    0.535085   -0.292057    0.319993   -0.624858    0.589673   -0.545644    0.521208    -0.52197    0.565721    -0.30949  -0.0203983   0.0401645  -0.0386967   0.0368506   -0.035823     0.03584  -0.0376757   0.0199573
    0.23211      0.4546    0.432237    0.404217    0.388654     0.38908    0.416928    0.225423   0.0687757    0.134749    0.128233    0.120067    0.115531    0.115653    0.123769   0.0668269   -0.436266   -0.854265   -0.811796   -0.758589   -0.729038   -0.729856   -0.782737   -0.423569   -0.180943   -0.354134   -0.336107   -0.313528   -0.300989   -0.301345   -0.323785   -0.175556    0.365999    0.716324    0.679881    0.634233    0.608884    0.609603    0.654969    0.355107    0.287512    0.562722    0.534121    0.498295      0.4784    0.478962    0.514567    0.278963   -0.252843   -0.494176   -0.467405   -0.433894   -0.415292   -0.415852   -0.449154   -0.244848   -0.150482   -0.293799   -0.277132   -0.256278   -0.244705   -0.245068    -0.26579   -0.145507
    0.25352    0.366299   0.0304487   -0.286082   -0.398611    -0.24409   0.0564044    0.166495   0.0750153    0.108369   0.0089212  -0.0849235   -0.118432   -0.072817   0.0162997   0.0492649    -0.47692   -0.689149  -0.0576298    0.537097    0.747951    0.456843   -0.107649   -0.313212   -0.198194   -0.286456  -0.0242791    0.222184    0.309021    0.187644  -0.0461899   -0.130163    0.400875    0.579393    0.049093   -0.449444   -0.625121   -0.379639   0.0933579    0.263274    0.314883    0.455104   0.0385414   -0.353099   -0.491143   -0.298344   0.0732386    0.206799   -0.278442   -0.402691  -0.0353723    0.308248    0.427233    0.255179  -0.0704559   -0.182872    -0.16641   -0.240782  -0.0217228    0.182425    0.252145     0.14861  -0.0446761   -0.109295
   0.249206    0.210662   -0.312805   -0.475293   -0.106959    0.328421    0.348995  -0.0216124   0.0737572    0.062362  -0.0925944   -0.140717  -0.0316264   0.0975209    0.103713 -0.00634721   -0.468733   -0.396186    0.588302    0.893805    0.201301    -0.61647   -0.654763   0.0408466   -0.194724   -0.164539    0.244344    0.371142   0.0837389   -0.254909   -0.270435   0.0171531    0.393858    0.332806   -0.494225     -0.7507   -0.169371    0.515647    0.547069   -0.034687    0.309376    0.261422   -0.388218   -0.589688   -0.133035    0.405117    0.429825  -0.0272356   -0.273304   -0.230758    0.342752    0.520279    0.117968   -0.353231    -0.37356   0.0247822   -0.163219   -0.137727    0.204602    0.310418   0.0706517    -0.20885   -0.220315   0.0151264
   0.250559   0.0741519   -0.471301   -0.195812    0.396058    0.311103   -0.274915   -0.164219   0.0741519   0.0219341   -0.139523  -0.0580082    0.117328   0.0921588  -0.0815975  -0.0488136   -0.471301   -0.139523    0.886346    0.368091   -0.744525   -0.584833    0.516176    0.308051   -0.195812  -0.0580082    0.368091    0.152713   -0.308894    -0.24265    0.213571     0.12719    0.396058    0.117328   -0.744525   -0.308894    0.624806    0.490812    -0.43202   -0.257297    0.311103   0.0921588   -0.584833    -0.24265    0.490812    0.385556   -0.339408   -0.202158   -0.274915  -0.0815975    0.516176    0.213571    -0.43202   -0.339408    0.296459    0.175523   -0.164219  -0.0488136    0.308051     0.12719   -0.257297   -0.202158    0.175523    0.103439
   0.250559  -0.0741519   -0.471301    0.195812    0.396058   -0.311103   -0.274915    0.164219   0.0741519  -0.0219341   -0.139523   0.0580082    0.117328  -0.0921588  -0.0815975   0.0488136   -0.471301    0.139523    0.886346   -0.368091   -0.744525    0.584833    0.516176   -0.308051   -0.195812   0.0580082    0.368091   -0.152713   -0.308894     0.24265    0.213571    -0.12719    0.396058   -0.117328   -0.744525    0.308894    0.624806   -0.490812    -0.43202    0.257297    0.311103  -0.0921588   -0.584833     0.24265    0.490812   -0.385556   -0.339408    0.202158   -0.274915   0.0815975    0.516176   -0.213571    -0.43202    0.339408    0.296459   -0.175523   -0.164219   0.0488136    0.308051    -0.12719   -0.257297    0.202158    0.175523   -0.103439
   0.249206   -0.210662   -0.312805    0.475293   -0.106959   -0.328421    0.348995   0.0216124   0.0737572   -0.062362  -0.0925944    0.140717  -0.0316264  -0.0975209    0.103713  0.00634721   -0.468733    0.396186    0.588302   -0.893805    0.201301     0.61647   -0.654763  -0.0408466   -0.194724    0.164539    0.244344   -0.371142   0.0837389    0.254909   -0.270435  -0.0171531    0.393858   -0.332806   -0.494225      0.7507   -0.169371   -0.515647    0.547069    0.034687    0.309376   -0.261422   -0.388218    0.589688   -0.133035   -0.405117    0.429825   0.0272356   -0.273304    0.230758    0.342752   -0.520279    0.117968    0.353231    -0.37356  -0.0247822   -0.163219    0.137727    0.204602   -0.310418   0.0706517     0.20885   -0.220315  -0.0151264
    0.25352   -0.366299   0.0304487    0.286082   -0.398611     0.24409   0.0564044   -0.166495   0.0750153   -0.108369   0.0089212   0.0849235   -0.118432    0.072817   0.0162997  -0.0492649    -0.47692    0.689149  -0.0576298   -0.537097    0.747951   -0.456843   -0.107649    0.313212   -0.198194    0.286456  -0.0242791   -0.222184    0.309021   -0.187644  -0.0461899    0.130163    0.400875   -0.579393    0.049093    0.449444   -0.625121    0.379639   0.0933579   -0.263274    0.314883   -0.455104   0.0385414    0.353099   -0.491143    0.298344   0.0732386   -0.206799   -0.278442    0.402691  -0.0353723   -0.308248    0.427233   -0.255179  -0.0704559    0.182872    -0.16641    0.240782  -0.0217228   -0.182425    0.252145    -0.14861  -0.0446761    0.109295
    0.23211     -0.4546    0.432237   -0.404217    0.388654    -0.38908    0.416928   -0.225423   0.0687757   -0.134749    0.128233   -0.120067    0.115531   -0.115653    0.123769  -0.0668269   -0.436266    0.854265   -0.811796    0.758589   -0.729038    0.729856   -0.782737    0.423569   -0.180943    0.354134   -0.336107    0.313528   -0.300989    0.301345   -0.323785    0.175556    0.365999   -0.716324    0.679881   -0.634233    0.608884   -0.609603    0.654969   -0.355107    0.287512   -0.562722    0.534121   -0.498295      0.4784   -0.478962    0.514567   -0.278963   -0.252843    0.494176   -0.467405    0.433894   -0.415292    0.415852   -0.449154    0.244848   -0.150482    0.293799   -0.277132    0.256278   -0.244705    0.245068    -0.26579    0.145507
    0.23211      0.4546    0.432237    0.404217    0.388654     0.38908    0.416928    0.225423  -0.0687757   -0.134749   -0.128233   -0.120067   -0.115531   -0.115653   -0.123769  -0.0668269   -0.436266   -0.854265   -0.811796   -0.758589   -0.729038   -0.729856   -0.782737   -0.423569    0.180943    0.354134    0.336107    0.313528    0.300989    0.301345    0.323785    0.175556    0.365999    0.716324    0.679881    0.634233    0.608884    0.609603    0.654969    0.355107   -0.287512   -0.562722   -0.534121   -0.498295     -0.4784   -0.478962   -0.514567   -0.278963   -0.252843   -0.494176   -0.467405   -0.433894   -0.415292   -0.415852   -0.449154   -0.244848    0.150482    0.293799    0.277132    0.256278    0.244705    0.245068     0.26579    0.145507
    0.25352    0.366299   0.0304487   -0.286082   -0.398611    -0.24409   0.0564044    0.166495  -0.0750153   -0.108369  -0.0089212   0.0849235    0.118432    0.072817  -0.0162997  -0.0492649    -0.47692   -0.689149  -0.0576298    0.537097    0.747951    0.456843   -0.107649   -0.313212    0.198194    0.286456   0.0242791   -0.222184   -0.309021   -0.187644   0.0461899    0.130163    0.400875    0.579393    0.049093   -0.449444   -0.625121   -0.379639   0.0933579    0.263274   -0.314883   -0.455104  -0.0385414    0.353099    0.491143    0.298344  -0.0732386   -0.206799   -0.278442   -0.402691  -0.0353723    0.308248    0.427233    0.255179  -0.0704559   -0.182872     0.16641    0.240782   0.0217228   -0.182425   -0.252145    -0.14861   0.0446761    0.109295
   0.249206    0.210662   -0.312805   -0.475293   -0.106959    0.328421    0.348995  -0.0216124  -0.0737572   -0.062362   0.0925944    0.140717   0.0316264  -0.0975209   -0.103713  0.00634721   -0.468733   -0.396186    0.588302    0.893805    0.201301    -0.61647   -0.654763   0.0408466    0.194724    0.164539   -0.244344   -0.371142  -0.0837389    0.254909    0.270435  -0.0171531    0.393858    0.332806   -0.494225     -0.7507   -0.169371    0.515647    0.547069   -0.034687   -0.309376   -0.261422    0.388218    0.589688    0.133035   -0.405117   -0.429825   0.0272356   -0.273304   -0.230758    0.342752    0.520279    0.117968   -0.353231    -0.37356   0.0247822    0.163219    0.137727   -0.204602   -0.310418  -0.0706517     0.20885    0.220315  -0.0151264
   0.250559   0.0741519   -0.471301   -0.195812    0.396058    0.311103   -0.274915   -0.164219  -0.0741519  -0.0219341    0.139523   0.0580082   -0.117328  -0.0921588   0.0815975   0.0488136   -0.471301   -0.139523    0.886346    0.368091   -0.744525   -0.584833    0.516176    0.308051    0.195812   0.0580082   -0.368091   -0.152713    0.308894     0.24265   -0.213571    -0.12719    0.396058    0.117328   -0.744525   -0.308894    0.624806    0.490812    -0.43202   -0.257297   -0.311103  -0.0921588    0.584833     0.24265   -0.490812   -0.385556    0.339408    0.202158   -0.274915  -0.0815975    0.516176    0.213571    -0.43202   -0.339408    0.296459    0.175523    0.164219   0.0488136   -0.308051    -0.12719    0.257297    0.202158   -0.175523   -0.103439
   0.250559  -0.0741519   -0.471301    0.195812    0.396058   -0.311103   -0.274915    0.164219  -0.0741519   0.0219341    0.139523  -0.0580082   -0.117328   0.0921588   0.0815975  -0.0488136   -0.471301    0.139523    0.886346   -0.368091   -0.744525    0.584833    0.516176   -0.308051    0.195812  -0.0580082   -0.368091    0.152713    0.308894    -0.24265   -0.213571     0.12719    0.396058   -0.117328   -0.744525    0.308894    0.624806   -0.490812    -0.43202    0.257297   -0.311103   0.0921588    0.584833    -0.24265   -0.490812    0.385556    0.339408   -0.202158   -0.274915   0.0815975    0.516176   -0.213571    -0.43202    0.339408    0.296459   -0.175523    0.164219  -0.0488136   -0.308051     0.12719    0.257297   -0.202158   -0.175523    0.103439
   0.249206   -0.210662   -0.312805    0.475293   -0.106959   -0.328421    0.348995   0.0216124  -0.0737572    0.062362   0.0925944   -0.140717   0.0316264   0.0975209   -0.103713 -0.00634721   -0.468733    0.396186    0.588302   -0.893805    0.201301     0.61647   -0.654763  -0.0408466    0.194724   -0.164539   -0.244344    0.371142  -0.0837389   -0.254909    0.270435   0.0171531    0.393858   -0.332806   -0.494225      0.7507   -0.169371   -0.515647    0.547069    0.034687   -0.309376    0.261422    0.388218   -0.589688    0.133035    0.405117   -0.429825  -0.0272356   -0.273304    0.230758    0.342752   -0.520279    0.117968    0.353231    -0.37356  -0.0247822    0.163219   -0.137727   -0.204602    0.310418  -0.0706517    -0.20885    0.220315   0.0151264
    0.25352   -0.366299   0.0304487    0.286082   -0.398611     0.24409   0.0564044   -0.166495  -0.0750153    0.108369  -0.0089212  -0.0849235    0.118432   -0.072817  -0.0162997   0.0492649    -0.47692    0.689149  -0.0576298   -0.537097    0.747951   -0.456843   -0.107649    0.313212    0.198194   -0.286456   0.0242791    0.222184   -0.309021    0.187644   0.0461899   -0.130163    0.400875   -0.579393    0.049093    0.449444   -0.625121    0.379639   0.0933579   -0.263274   -0.314883    0.455104  -0.0385414   -0.353099    0.491143   -0.298344  -0.0732386    0.206799   -0.278442    0.402691  -0.0353723   -0.308248    0.427233   -0.255179  -0.0704559    0.182872     0.16641   -0.240782   0.0217228    0.182425   -0.252145     0.14861   0.0446761   -0.109295
    0.23211     -0.4546    0.432237   -0.404217    0.388654    -0.38908    0.416928   -0.225423  -0.0687757    0.134749   -0.128233    0.120067   -0.115531    0.115653   -0.123769   0.0668269   -0.436266    0.854265   -0.811796    0.758589   -0.729038    0.729856   -0.782737    0.423569    0.180943   -0.354134    0.336107   -0.313528    0.300989   -0.301345    0.323785   -0.175556    0.365999   -0.716324    0.679881   -0.634233    0.608884   -0.609603    0.654969   -0.355107   -0.287512    0.562722   -0.534121    0.498295     -0.4784    0.478962   -0.514567    0.278963   -0.252843    0.494176   -0.467405    0.433894   -0.415292    0.415852   -0.449154    0.244848    0.150482   -0.293799    0.277132   -0.256278    0.244705   -0.245068     0.26579   -0.145507
   0.230812    0.452033    0.429737      0.4018    0.386284     0.38671    0.414475    0.224145   -0.195016   -0.381874   -0.362907   -0.339145   -0.325947   -0.326312   -0.349929   -0.189345   -0.289609   -0.567125   -0.539009   -0.503781   -0.484216   -0.484756   -0.519767   -0.281203    0.439866    0.861261    0.818317    0.764514    0.734633    0.735462    0.788934    0.427027  -0.0992993   -0.194605   -0.185323   -0.173687   -0.167223   -0.167394   -0.178958  -0.0965223   -0.301726   -0.589529   -0.557148    -0.51662   -0.494124   -0.494811   -0.535085   -0.292057    0.319993    0.624858    0.589673    0.545644    0.521208     0.52197    0.565721     0.30949   0.0203983   0.0401645   0.0386967   0.0368506    0.035823     0.03584   0.0376757   0.0199573
   0.252158     0.36434    0.030332     -0.2844   -0.396212   -0.242464   0.0563082    0.165601   -0.213172    -0.30803  -0.0257448    0.240113    0.334394    0.204292  -0.0480539   -0.139998   -0.316526   -0.457367  -0.0381876    0.356651    0.496738    0.303606  -0.0711778   -0.207875    0.480975    0.695028   0.0582208   -0.541352    -0.75376   -0.460054    0.109008    0.315876   -0.108191   -0.156275  -0.0127671    0.122789    0.171355    0.105688  -0.0230684  -0.0710522   -0.332684   -0.481205  -0.0426076    0.367232     0.50857    0.302581  -0.0857017   -0.218497    0.353623    0.511625   0.0459596   -0.388277   -0.536912   -0.317145   0.0940488    0.232252   0.0218104    0.031434  0.00222156  -0.0258406  -0.0364725  -0.0236621   0.0030976   0.0143222
   0.247857    0.209516   -0.311104   -0.472697   -0.106397    0.326474    0.346883  -0.0215216   -0.209516    -0.17709    0.262962    0.399522   0.0899728   -0.275602   -0.292735   0.0182495   -0.311104   -0.262962    0.390473    0.593262    0.133586   -0.409377   -0.434864   0.0270767    0.472697    0.399522   -0.593262   -0.901315    -0.20304     0.62132    0.659822  -0.0412491   -0.106397  -0.0899728    0.133586     0.20304   0.0455883   -0.141035   -0.150084  0.00910067   -0.326474   -0.275602    0.409377     0.62132    0.141035   -0.420706   -0.444589    0.029796    0.346883    0.292735   -0.434864   -0.659822   -0.150084    0.444589    0.469189  -0.0320346   0.0215216   0.0182495  -0.0270767  -0.0412491 -0.00910067    0.029796   0.0320346 -0.00164412
   0.249206   0.0737572   -0.468733   -0.194724    0.393858    0.309376   -0.273304   -0.163219   -0.210662   -0.062362    0.396186    0.164539   -0.332806   -0.261422    0.230758    0.137727   -0.312805  -0.0925944    0.588302    0.244344   -0.494225   -0.388218    0.342752    0.204602    0.475293    0.140717   -0.893805   -0.371142      0.7507    0.589688   -0.520279   -0.310418   -0.106959  -0.0316264    0.201301   0.0837389   -0.169371   -0.133035    0.117968   0.0706517   -0.328421  -0.0975209     0.61647    0.254909   -0.515647   -0.405117    0.353231     0.20885    0.348995    0.103713   -0.654763   -0.270435    0.547069    0.429825    -0.37356   -0.220315   0.0216124  0.00634721  -0.0408466  -0.0171531    0.034687   0.0272356  -0.0247822  -0.0151264
   0.249206  -0.0737572   -0.468733    0.194724    0.393858   -0.309376   -0.273304    0.163219   -0.210662    0.062362    0.396186   -0.164539   -0.332806    0.261422    0.230758   -0.137727   -0.312805   0.0925944    0.588302   -0.244344   -0.494225    0.388218    0.342752   -0.204602    0.475293   -0.140717   -0.893805    0.371142      0.7507   -0.589688   -0.520279    0.310418   -0.106959   0.0316264    0.201301  -0.0837389   -0.169371    0.133035    0.117968  -0.0706517   -0.328421   0.0975209     0.61647   -0.254909   -0.515647    0.405117    0.353231    -0.20885    0.348995   -0.103713   -0.654763    0.270435    0.547069   -0.429825    -0.37356    0.220315   0.0216124 -0.00634721  -0.0408466   0.0171531    0.034687  -0.0272356  -0.0247822   0.0151264
   0.247857   -0.209516   -0.311104    0.472697   -0.106397   -0.326474    0.346883   0.0215216   -0.209516     0.17709    0.262962   -0.399522   0.0899728    0.275602   -0.292735  -0.0182495   -0.311104    0.262962    0.390473   -0.593262    0.133586    0.409377   -0.434864  -0.0270767    0.472697   -0.399522   -0.593262    0.901315    -0.20304    -0.62132    0.659822   0.0412491   -0.106397   0.0899728    0.133586    -0.20304   0.0455883    0.141035   -0.150084 -0.00910067   -0.326474    0.275602    0.409377    -0.62132    0.141035    0.420706   -0.444589   -0.029796    0.346883   -0.292735   -0.434864    0.659822   -0.150084   -0.444589    0.469189   0.0320346   0.0215216  -0.0182495  -0.0270767   0.0412491 -0.00910067   -0.029796   0.0320346  0.00164412
   0.252158    -0.36434    0.030332      0.2844   -0.396212    0.242464   0.0563082   -0.165601   -0.213172     0.30803  -0.0257448   -0.240113    0.334394   -0.204292  -0.0480539    0.139998   -0.316526    0.457367  -0.0381876   -0.356651    0.496738   -0.303606  -0.0711778    0.207875    0.480975   -0.695028   0.0582208    0.541352    -0.75376    0.460054    0.109008   -0.315876   -0.108191    0.156275  -0.0127671   -0.122789    0.171355   -0.105688  -0.0230684   0.0710522   -0.332684    0.481205  -0.0426076   -0.367232     0.50857   -0.302581  -0.0857017    0.218497    0.353623   -0.511625   0.0459596    0.388277   -0.536912    0.317145   0.0940488   -0.232252   0.0218104   -0.031434  0.00222156   0.0258406  -0.0364725   0.0236621   0.0030976  -0.0143222
   0.230812   -0.452033    0.429737     -0.4018    0.386284    -0.38671    0.414475   -0.224145   -0.195016    0.381874   -0.362907    0.339145   -0.325947    0.326312   -0.349929    0.189345   -0.289609    0.567125   -0.539009    0.503781   -0.484216    0.484756   -0.519767    0.281203    0.439866   -0.861261    0.818317   -0.764514    0.734633   -0.735462    0.788934   -0.427027  -0.0992993    0.194605   -0.185323    0.173687   -0.167223    0.167394   -0.178958   0.0965223   -0.301726    0.589529   -0.557148     0.51662   -0.494124    0.494811   -0.535085    0.292057    0.319993   -0.624858    0.589673   -0.545644    0.521208    -0.52197    0.565721    -0.30949   0.0203983  -0.0401645   0.0386967  -0.0368506    0.035823    -0.03584   0.0376757  -0.0199573
   0.234951     0.46022    0.437713     0.40951    0.393846    0.394271    0.422301     0.22822   -0.339604   -0.665291   -0.632937   -0.592393   -0.569872    -0.57048   -0.610777   -0.329928      0.0289   0.0569938   0.0551234    0.052767   0.0514544   0.0514704   0.0538138   0.0283368    0.263025    0.514024    0.486056    0.451049    0.431617    0.432205    0.466993    0.254673   -0.365685   -0.714196   -0.674251   -0.624265   -0.596521   -0.597381   -0.647053    -0.35376    0.221654    0.431603    0.404366    0.370318    0.351432    0.352075    0.385904    0.213535   0.0552764     0.10997    0.108633    0.106902    0.105923    0.105865    0.107591   0.0548596   -0.154303    -0.30225   -0.287473   -0.268956   -0.258671    -0.25895   -0.277354   -0.149884
     0.2565    0.370584   0.0307029   -0.289766   -0.403866   -0.247654   0.0566096    0.168453   -0.370584   -0.535382  -0.0442162    0.419086    0.584275    0.358758  -0.0811596   -0.243375   0.0307029   0.0442162  0.00295602  -0.0369046  -0.0522796   -0.034454  0.00360618   0.0201607    0.289766    0.419086   0.0369046   -0.320494   -0.444092   -0.264927   0.0737359    0.190309   -0.403866   -0.584275  -0.0522796    0.444092    0.614347     0.36361   -0.106485    -0.26525    0.247654    0.358758    0.034454   -0.264927    -0.36361   -0.206948   0.0758567    0.162664   0.0566096   0.0811596  0.00360618  -0.0737359   -0.106485  -0.0758567   -0.001478   0.0371639   -0.168453   -0.243375  -0.0201607    0.190309     0.26525    0.162664  -0.0371639   -0.110629
   0.252158    0.213172   -0.316526   -0.480975   -0.108191    0.332684    0.353623  -0.0218104    -0.36434    -0.30803    0.457367    0.695028    0.156275   -0.481205   -0.511625    0.031434    0.030332   0.0257448  -0.0381876  -0.0582208  -0.0127671   0.0426076   0.0459596 -0.00222156      0.2844    0.240113   -0.356651   -0.541352   -0.122789    0.367232    0.388277  -0.0258406   -0.396212   -0.334394    0.496738     0.75376    0.171355    -0.50857   -0.536912   0.0364725    0.242464    0.204292   -0.303606   -0.460054   -0.105688    0.302581    0.317145  -0.0236621   0.0563082   0.0480539  -0.0711778   -0.109008  -0.0230684   0.0857017   0.0940488  -0.0030976   -0.165601   -0.139998    0.207875    0.315876   0.0710522   -0.218497   -0.232252   0.0143222
    0.25352   0.0750153    -0.47692   -0.198194    0.400875    0.314883   -0.278442    -0.16641   -0.366299   -0.108369    0.689149    0.286456   -0.579393   -0.455104    0.402691    0.240782   0.0304487   0.0089212  -0.0576298  -0.0242791    0.049093   0.0385414  -0.0353723  -0.0217228    0.286082   0.0849235   -0.537097   -0.222184    0.449444    0.353099   -0.308248   -0.182425   -0.398611   -0.118432    0.747951    0.309021   -0.625121   -0.491143    0.427233    0.252145     0.24409    0.072817   -0.456843   -0.187644    0.379639    0.298344   -0.255179    -0.14861   0.0564044   0.0162997   -0.107649  -0.0461899   0.0933579   0.0732386  -0.0704559  -0.0446761   -0.166495  -0.0492649    0.313212    0.130163   -0.263274   -0.206799    0.182872    0.109295
