Base Function:
2.15392e-09,9.28376e-09,3.6301e-08,1.2877e-07,4.14391e-07,1.20978e-06,3.20408e-06,7.69839e-06,1.67802e-05,3.31814e-05,5.95241e-05,9.68703e-05,0.000143018,0.000191553,0.000232749,0.000256559,0.000256559,0.000232749,0.000191553,0.000143018,9.68703e-05,5.95241e-05,3.31814e-05,1.67802e-05,7.69839e-06,3.20408e-06,1.20978e-06,4.14391e-07,1.2877e-07,3.6301e-08,9.28376e-09,2.15392e-09,
9.28376e-09,4.00146e-08,1.56464e-07,5.55021e-07,1.7861e-06,5.21436e-06,1.38101e-05,3.31814e-05,7.23256e-05,0.000143018,0.000256559,0.000417528,0.000616431,0.000825625,0.00100319,0.00110581,0.00110581,0.00100319,0.000825625,0.000616431,0.000417528,0.000256559,0.000143018,7.23256e-05,3.31814e-05,1.38101e-05,5.21436e-06,1.7861e-06,5.55021e-07,1.56464e-07,4.00146e-08,9.28376e-09,
3.6301e-08,1.56464e-07,6.11799e-07,2.17022e-06,6.98394e-06,2.0389e-05,5.39999e-05,0.000129745,0.000282805,0.000559222,0.00100319,0.0016326,0.00241035,0.00322833,0.00392263,0.00432391,0.00432391,0.00392263,0.00322833,0.00241035,0.0016326,0.00100319,0.000559222,0.000282805,0.000129745,5.39999e-05,2.0389e-05,6.98394e-06,2.17022e-06,6.11799e-07,1.56464e-07,3.6301e-08,
1.2877e-07,5.55021e-07,2.17022e-06,7.69839e-06,2.4774e-05,7.23256e-05,0.000191553,0.000460241,0.00100319,0.00198372,0.00355859,0.0057913,0.00855017,0.0114518,0.0139147,0.0153381,0.0153381,0.0139147,0.0114518,0.00855017,0.0057913,0.00355859,0.00198372,0.00100319,0.000460241,0.000191553,7.23256e-05,2.4774e-05,7.69839e-06,2.17022e-06,5.55021e-07,1.2877e-07,
4.14391e-07,1.7861e-06,6.98394e-06,2.4774e-05,7.97244e-05,0.000232749,0.000616431,0.00148109,0.00322833,0.00638375,0.0114518,0.0186368,0.0275151,0.0368527,0.0447784,0.0493592,0.0493592,0.0447784,0.0368527,0.0275151,0.0186368,0.0114518,0.00638375,0.00322833,0.00148109,0.000616431,0.000232749,7.97244e-05,2.4774e-05,6.98394e-06,1.7861e-06,4.14391e-07,
1.20978e-06,5.21436e-06,2.0389e-05,7.23256e-05,0.000232749,0.000679491,0.00179962,0.00432391,0.00942485,0.0186368,0.0334326,0.0544087,0.0803279,0.107588,0.130727,0.1441,0.1441,0.130727,0.107588,0.0803279,0.0544087,0.0334326,0.0186368,0.00942485,0.00432391,0.00179962,0.000679491,0.000232749,7.23256e-05,2.0389e-05,5.21436e-06,1.20978e-06,
3.20408e-06,1.38101e-05,5.39999e-05,0.000191553,0.000616431,0.00179962,0.00476625,0.0114518,0.0249615,0.0493592,0.0885455,0.1441,0.212747,0.284946,0.346227,0.381646,0.381646,0.346227,0.284946,0.212747,0.1441,0.0885455,0.0493592,0.0249615,0.0114518,0.00476625,0.00179962,0.000616431,0.000191553,5.39999e-05,1.38101e-05,3.20408e-06,
7.69839e-06,3.31814e-05,0.000129745,0.000460241,0.00148109,0.00432391,0.0114518,0.0275151,0.0599746,0.118595,0.212747,0.346227,0.511164,0.684635,0.831875,0.916976,0.916976,0.831875,0.684635,0.511164,0.346227,0.212747,0.118595,0.0599746,0.0275151,0.0114518,0.00432391,0.00148109,0.000460241,0.000129745,3.31814e-05,7.69839e-06,
1.67802e-05,7.23256e-05,0.000282805,0.00100319,0.00322833,0.00942485,0.0249615,0.0599746,0.130727,0.258501,0.463725,0.754673,1.11418,1.4923,1.81324,1.99873,1.99873,1.81324,1.4923,1.11418,0.754673,0.463725,0.258501,0.130727,0.0599746,0.0249615,0.00942485,0.00322833,0.00100319,0.000282805,7.23256e-05,1.67802e-05,
3.31814e-05,0.000143018,0.000559222,0.00198372,0.00638375,0.0186368,0.0493592,0.118595,0.258501,0.511164,0.916976,1.4923,2.2032,2.95089,3.58553,3.95232,3.95232,3.58553,2.95089,2.2032,1.4923,0.916976,0.511164,0.258501,0.118595,0.0493592,0.0186368,0.00638375,0.00198372,0.000559222,0.000143018,3.31814e-05,
5.95241e-05,0.000256559,0.00100319,0.00355859,0.0114518,0.0334326,0.0885455,0.212747,0.463725,0.916976,1.64496,2.67703,3.95232,5.29361,6.43207,7.09007,7.09007,6.43207,5.29361,3.95232,2.67703,1.64496,0.916976,0.463725,0.212747,0.0885455,0.0334326,0.0114518,0.00355859,0.00100319,0.000256559,5.95241e-05,
9.68703e-05,0.000417528,0.0016326,0.0057913,0.0186368,0.0544087,0.1441,0.346227,0.754673,1.4923,2.67703,4.35665,6.43207,8.61489,10.4676,11.5385,11.5385,10.4676,8.61489,6.43207,4.35665,2.67703,1.4923,0.754673,0.346227,0.1441,0.0544087,0.0186368,0.0057913,0.0016326,0.000417528,9.68703e-05,
0.000143018,0.000616431,0.00241035,0.00855017,0.0275151,0.0803279,0.212747,0.511164,1.11418,2.2032,3.95232,6.43207,9.49619,12.7189,15.4542,17.0352,17.0352,15.4542,12.7189,9.49619,6.43207,3.95232,2.2032,1.11418,0.511164,0.212747,0.0803279,0.0275151,0.00855017,0.00241035,0.000616431,0.000143018,
0.000191553,0.000825625,0.00322833,0.0114518,0.0368527,0.107588,0.284946,0.684635,1.4923,2.95089,5.29361,8.61489,12.7189,17.0352,20.6989,22.8164,22.8164,20.6989,17.0352,12.7189,8.61489,5.29361,2.95089,1.4923,0.684635,0.284946,0.107588,0.0368527,0.0114518,0.00322833,0.000825625,0.000191553,
0.000232749,0.00100319,0.00392263,0.0139147,0.0447784,0.130727,0.346227,0.831875,1.81324,3.58553,6.43207,10.4676,15.4542,20.6989,25.1505,27.7233,27.7233,25.1505,20.6989,15.4542,10.4676,6.43207,3.58553,1.81324,0.831875,0.346227,0.130727,0.0447784,0.0139147,0.00392263,0.00100319,0.000232749,
0.000256559,0.00110581,0.00432391,0.0153381,0.0493592,0.1441,0.381646,0.916976,1.99873,3.95232,7.09007,11.5385,17.0352,22.8164,27.7233,30.5594,30.5594,27.7233,22.8164,17.0352,11.5385,7.09007,3.95232,1.99873,0.916976,0.381646,0.1441,0.0493592,0.0153381,0.00432391,0.00110581,0.000256559,
0.000256559,0.00110581,0.00432391,0.0153381,0.0493592,0.1441,0.381646,0.916976,1.99873,3.95232,7.09007,11.5385,17.0352,22.8164,27.7233,30.5594,30.5594,27.7233,22.8164,17.0352,11.5385,7.09007,3.95232,1.99873,0.916976,0.381646,0.1441,0.0493592,0.0153381,0.00432391,0.00110581,0.000256559,
0.000232749,0.00100319,0.00392263,0.0139147,0.0447784,0.130727,0.346227,0.831875,1.81324,3.58553,6.43207,10.4676,15.4542,20.6989,25.1505,27.7233,27.7233,25.1505,20.6989,15.4542,10.4676,6.43207,3.58553,1.81324,0.831875,0.346227,0.130727,0.0447784,0.0139147,0.00392263,0.00100319,0.000232749,
0.000191553,0.000825625,0.00322833,0.0114518,0.0368527,0.107588,0.284946,0.684635,1.4923,2.95089,5.29361,8.61489,12.7189,17.0352,20.6989,22.8164,22.8164,20.6989,17.0352,12.7189,8.61489,5.29361,2.95089,1.4923,0.684635,0.284946,0.107588,0.0368527,0.0114518,0.00322833,0.000825625,0.000191553,
0.000143018,0.000616431,0.00241035,0.00855017,0.0275151,0.0803279,0.212747,0.511164,1.11418,2.2032,3.95232,6.43207,9.49619,12.7189,15.4542,17.0352,17.0352,15.4542,12.7189,9.49619,6.43207,3.95232,2.2032,1.11418,0.511164,0.212747,0.0803279,0.0275151,0.00855017,0.00241035,0.000616431,0.000143018,
9.68703e-05,0.000417528,0.0016326,0.0057913,0.0186368,0.0544087,0.1441,0.346227,0.754673,1.4923,2.67703,4.35665,6.43207,8.61489,10.4676,11.5385,11.5385,10.4676,8.61489,6.43207,4.35665,2.67703,1.4923,0.754673,0.346227,0.1441,0.0544087,0.0186368,0.0057913,0.0016326,0.000417528,9.68703e-05,
5.95241e-05,0.000256559,0.00100319,0.00355859,0.0114518,0.0334326,0.0885455,0.212747,0.463725,0.916976,1.64496,2.67703,3.95232,5.29361,6.43207,7.09007,7.09007,6.43207,5.29361,3.95232,2.67703,1.64496,0.916976,0.463725,0.212747,0.0885455,0.0334326,0.0114518,0.00355859,0.00100319,0.000256559,5.95241e-05,
3.31814e-05,0.000143018,0.000559222,0.00198372,0.00638375,0.0186368,0.0493592,0.118595,0.258501,0.511164,0.916976,1.4923,2.2032,2.95089,3.58553,3.95232,3.95232,3.58553,2.95089,2.2032,1.4923,0.916976,0.511164,0.258501,0.118595,0.0493592,0.0186368,0.00638375,0.00198372,0.000559222,0.000143018,3.31814e-05,
1.67802e-05,7.23256e-05,0.000282805,0.00100319,0.00322833,0.00942485,0.0249615,0.0599746,0.130727,0.258501,0.463725,0.754673,1.11418,1.4923,1.81324,1.99873,1.99873,1.81324,1.4923,1.11418,0.754673,0.463725,0.258501,0.130727,0.0599746,0.0249615,0.00942485,0.00322833,0.00100319,0.000282805,7.23256e-05,1.67802e-05,
7.69839e-06,3.31814e-05,0.000129745,0.000460241,0.00148109,0.00432391,0.0114518,0.0275151,0.0599746,0.118595,0.212747,0.346227,0.511164,0.684635,0.831875,0.916976,0.916976,0.831875,0.684635,0.511164,0.346227,0.212747,0.118595,0.0599746,0.0275151,0.0114518,0.00432391,0.00148109,0.000460241,0.000129745,3.31814e-05,7.69839e-06,
3.20408e-06,1.38101e-05,5.39999e-05,0.000191553,0.000616431,0.00179962,0.00476625,0.0114518,0.0249615,0.0493592,0.0885455,0.1441,0.212747,0.284946,0.346227,0.381646,0.381646,0.346227,0.284946,0.212747,0.1441,0.0885455,0.0493592,0.0249615,0.0114518,0.00476625,0.00179962,0.000616431,0.000191553,5.39999e-05,1.38101e-05,3.20408e-06,
1.20978e-06,5.21436e-06,2.0389e-05,7.23256e-05,0.000232749,0.000679491,0.00179962,0.00432391,0.00942485,0.0186368,0.0334326,0.0544087,0.0803279,0.107588,0.130727,0.1441,0.1441,0.130727,0.107588,0.0803279,0.0544087,0.0334326,0.0186368,0.00942485,0.00432391,0.00179962,0.000679491,0.000232749,7.23256e-05,2.0389e-05,5.21436e-06,1.20978e-06,
4.14391e-07,1.7861e-06,6.98394e-06,2.4774e-05,7.97244e-05,0.000232749,0.000616431,0.00148109,0.00322833,0.00638375,0.0114518,0.0186368,0.0275151,0.0368527,0.0447784,0.0493592,0.0493592,0.0447784,0.0368527,0.0275151,0.0186368,0.0114518,0.00638375,0.00322833,0.00148109,0.000616431,0.000232749,7.97244e-05,2.4774e-05,6.98394e-06,1.7861e-06,4.14391e-07,
1.2877e-07,5.55021e-07,2.17022e-06,7.69839e-06,2.4774e-05,7.23256e-05,0.000191553,0.000460241,0.00100319,0.00198372,0.00355859,0.0057913,0.00855017,0.0114518,0.0139147,0.0153381,0.0153381,0.0139147,0.0114518,0.00855017,0.0057913,0.00355859,0.00198372,0.00100319,0.000460241,0.000191553,7.23256e-05,2.4774e-05,7.69839e-06,2.17022e-06,5.55021e-07,1.2877e-07,
3.6301e-08,1.56464e-07,6.11799e-07,2.17022e-06,6.98394e-06,2.0389e-05,5.39999e-05,0.000129745,0.000282805,0.000559222,0.00100319,0.0016326,0.00241035,0.00322833,0.00392263,0.00432391,0.00432391,0.00392263,0.00322833,0.00241035,0.0016326,0.00100319,0.000559222,0.000282805,0.000129745,5.39999e-05,2.0389e-05,6.98394e-06,2.17022e-06,6.11799e-07,1.56464e-07,3.6301e-08,
9.28376e-09,4.00146e-08,1.56464e-07,5.55021e-07,1.7861e-06,5.21436e-06,1.38101e-05,3.31814e-05,7.23256e-05,0.000143018,0.000256559,0.000417528,0.000616431,0.000825625,0.00100319,0.00110581,0.00110581,0.00100319,0.000825625,0.000616431,0.000417528,0.000256559,0.000143018,7.23256e-05,3.31814e-05,1.38101e-05,5.21436e-06,1.7861e-06,5.55021e-07,1.56464e-07,4.00146e-08,9.28376e-09,
2.15392e-09,9.28376e-09,3.6301e-08,1.2877e-07,4.14391e-07,1.20978e-06,3.20408e-06,7.69839e-06,1.67802e-05,3.31814e-05,5.95241e-05,9.68703e-05,0.000143018,0.000191553,0.000232749,0.000256559,0.000256559,0.000232749,0.000191553,0.000143018,9.68703e-05,5.95241e-05,3.31814e-05,1.67802e-05,7.69839e-06,3.20408e-06,1.20978e-06,4.14391e-07,1.2877e-07,3.6301e-08,9.28376e-09,2.15392e-09,

Trap Rule:
1.59901e-07,5.68191e-07,1.8455e-06,5.48282e-06,1.491e-05,3.71427e-05,8.48286e-05,0.000177768,0.000342127,0.000605229,0.000984969,0.00147587,0.00203759,0.00259362,0.00304535,0.00329961,0.00329961,0.00304535,0.00259362,0.00203759,0.00147587,0.000984969,0.000605229,0.000342127,0.000177768,8.48286e-05,3.71427e-05,1.491e-05,5.48282e-06,1.8455e-06,5.68191e-07,1.59901e-07,
5.68191e-07,2.00709e-06,6.47973e-06,1.91324e-05,5.17061e-05,0.000128006,0.000290551,0.000605229,0.00115809,0.00203759,0.00329961,0.0049225,0.00677108,0.00859415,0.0100712,0.0109011,0.0109011,0.0100712,0.00859415,0.00677108,0.0049225,0.00329961,0.00203759,0.00115809,0.000605229,0.000290551,0.000128006,5.17061e-05,1.91324e-05,6.47973e-06,2.00709e-06,5.68191e-07,
1.8455e-06,6.47973e-06,2.07892e-05,6.09925e-05,0.000163767,0.000402784,0.000908297,0.00187991,0.00357489,0.00625293,0.0100712,0.0149526,0.0204846,0.0259175,0.0303055,0.0327664,0.0327664,0.0303055,0.0259175,0.0204846,0.0149526,0.0100712,0.00625293,0.00357489,0.00187991,0.000908297,0.000402784,0.000163767,6.09925e-05,2.07892e-05,6.47973e-06,1.8455e-06,
5.48282e-06,1.91324e-05,6.09925e-05,0.000177768,0.000474105,0.00115809,0.00259362,0.00533147,0.0100712,0.0175041,0.0280269,0.0413925,0.056453,0.0711738,0.0830214,0.0896514,0.0896514,0.0830214,0.0711738,0.056453,0.0413925,0.0280269,0.0175041,0.0100712,0.00533147,0.00259362,0.00115809,0.000474105,0.000177768,6.09925e-05,1.91324e-05,5.48282e-06,
1.491e-05,5.17061e-05,0.000163767,0.000474105,0.00125565,0.00304535,0.00677108,0.0138183,0.0259175,0.0447378,0.0711738,0.104509,0.141829,0.178112,0.207195,0.22343,0.22343,0.207195,0.178112,0.141829,0.104509,0.0711738,0.0447378,0.0259175,0.0138183,0.00677108,0.00304535,0.00125565,0.000474105,0.000163767,5.17061e-05,1.491e-05,
3.71427e-05,0.000128006,0.000402784,0.00115809,0.00304535,0.00733167,0.0161788,0.0327664,0.0609922,0.104509,0.165109,0.240904,0.325146,0.406544,0.471487,0.507632,0.507632,0.471487,0.406544,0.325146,0.240904,0.165109,0.104509,0.0609922,0.0327664,0.0161788,0.00733167,0.00304535,0.00115809,0.000402784,0.000128006,3.71427e-05,
8.48286e-05,0.000290551,0.000908297,0.00259362,0.00677108,0.0161788,0.0354241,0.0711738,0.131427,0.22343,0.350336,0.507632,0.681017,0.847378,0.979391,1.05262,1.05262,0.979391,0.847378,0.681017,0.507632,0.350336,0.22343,0.131427,0.0711738,0.0354241,0.0161788,0.00677108,0.00259362,0.000908297,0.000290551,8.48286e-05,
0.000177768,0.000605229,0.00187991,0.00533147,0.0138183,0.0327664,0.0711738,0.141829,0.259712,0.437847,0.681017,0.979391,1.30523,1.61536,1.85992,1.99504,1.99504,1.85992,1.61536,1.30523,0.979391,0.681017,0.437847,0.259712,0.141829,0.0711738,0.0327664,0.0138183,0.00533147,0.00187991,0.000605229,0.000177768,
0.000342127,0.00115809,0.00357489,0.0100712,0.0259175,0.0609922,0.131427,0.259712,0.471487,0.787981,1.21517,1.73353,2.2937,2.82197,3.23555,3.46299,3.46299,3.23555,2.82197,2.2937,1.73353,1.21517,0.787981,0.471487,0.259712,0.131427,0.0609922,0.0259175,0.0100712,0.00357489,0.00115809,0.000342127,
0.000605229,0.00203759,0.00625293,0.0175041,0.0447378,0.104509,0.22343,0.437847,0.787981,1.30523,1.99504,2.82197,3.70525,4.52959,5.16961,5.51966,5.51966,5.16961,4.52959,3.70525,2.82197,1.99504,1.30523,0.787981,0.437847,0.22343,0.104509,0.0447378,0.0175041,0.00625293,0.00203759,0.000605229,
0.000984969,0.00329961,0.0100712,0.0280269,0.0711738,0.165109,0.350336,0.681017,1.21517,1.99504,3.02214,4.23766,5.51966,6.70234,7.61195,8.10637,8.10637,7.61195,6.70234,5.51966,4.23766,3.02214,1.99504,1.21517,0.681017,0.350336,0.165109,0.0711738,0.0280269,0.0100712,0.00329961,0.000984969,
0.00147587,0.0049225,0.0149526,0.0413925,0.104509,0.240904,0.507632,0.979391,1.73353,2.82197,4.23766,5.89109,7.61195,9.17988,10.3734,11.0176,11.0176,10.3734,9.17988,7.61195,5.89109,4.23766,2.82197,1.73353,0.979391,0.507632,0.240904,0.104509,0.0413925,0.0149526,0.0049225,0.00147587,
0.00203759,0.00677108,0.0204846,0.056453,0.141829,0.325146,0.681017,1.30523,2.2937,3.70525,5.51966,7.61195,9.76111,11.6947,13.1508,13.9311,13.9311,13.1508,11.6947,9.76111,7.61195,5.51966,3.70525,2.2937,1.30523,0.681017,0.325146,0.141829,0.056453,0.0204846,0.00677108,0.00203759,
0.00259362,0.00859415,0.0259175,0.0711738,0.178112,0.406544,0.847378,1.61536,2.82197,4.52959,6.70234,9.17988,11.6947,13.9311,15.5982,16.4853,16.4853,15.5982,13.9311,11.6947,9.17988,6.70234,4.52959,2.82197,1.61536,0.847378,0.406544,0.178112,0.0711738,0.0259175,0.00859415,0.00259362,
0.00304535,0.0100712,0.0303055,0.0830214,0.207195,0.471487,0.979391,1.85992,3.23555,5.16961,7.61195,10.3734,13.1508,15.5982,17.4078,18.3653,18.3653,17.4078,15.5982,13.1508,10.3734,7.61195,5.16961,3.23555,1.85992,0.979391,0.471487,0.207195,0.0830214,0.0303055,0.0100712,0.00304535,
0.00329961,0.0109011,0.0327664,0.0896514,0.22343,0.507632,1.05262,1.99504,3.46299,5.51966,8.10637,11.0176,13.9311,16.4853,18.3653,19.3567,19.3567,18.3653,16.4853,13.9311,11.0176,8.10637,5.51966,3.46299,1.99504,1.05262,0.507632,0.22343,0.0896514,0.0327664,0.0109011,0.00329961,
0.00329961,0.0109011,0.0327664,0.0896514,0.22343,0.507632,1.05262,1.99504,3.46299,5.51966,8.10637,11.0176,13.9311,16.4853,18.3653,19.3567,19.3567,18.3653,16.4853,13.9311,11.0176,8.10637,5.51966,3.46299,1.99504,1.05262,0.507632,0.22343,0.0896514,0.0327664,0.0109011,0.00329961,
0.00304535,0.0100712,0.0303055,0.0830214,0.207195,0.471487,0.979391,1.85992,3.23555,5.16961,7.61195,10.3734,13.1508,15.5982,17.4078,18.3653,18.3653,17.4078,15.5982,13.1508,10.3734,7.61195,5.16961,3.23555,1.85992,0.979391,0.471487,0.207195,0.0830214,0.0303055,0.0100712,0.00304535,
0.00259362,0.00859415,0.0259175,0.0711738,0.178112,0.406544,0.847378,1.61536,2.82197,4.52959,6.70234,9.17988,11.6947,13.9311,15.5982,16.4853,16.4853,15.5982,13.9311,11.6947,9.17988,6.70234,4.52959,2.82197,1.61536,0.847378,0.406544,0.178112,0.0711738,0.0259175,0.00859415,0.00259362,
0.00203759,0.00677108,0.0204846,0.056453,0.141829,0.325146,0.681017,1.30523,2.2937,3.70525,5.51966,7.61195,9.76111,11.6947,13.1508,13.9311,13.9311,13.1508,11.6947,9.76111,7.61195,5.51966,3.70525,2.2937,1.30523,0.681017,0.325146,0.141829,0.056453,0.0204846,0.00677108,0.00203759,
0.00147587,0.0049225,0.0149526,0.0413925,0.104509,0.240904,0.507632,0.979391,1.73353,2.82197,4.23766,5.89109,7.61195,9.17988,10.3734,11.0176,11.0176,10.3734,9.17988,7.61195,5.89109,4.23766,2.82197,1.73353,0.979391,0.507632,0.240904,0.104509,0.0413925,0.0149526,0.0049225,0.00147587,
0.000984969,0.00329961,0.0100712,0.0280269,0.0711738,0.165109,0.350336,0.681017,1.21517,1.99504,3.02214,4.23766,5.51966,6.70234,7.61195,8.10637,8.10637,7.61195,6.70234,5.51966,4.23766,3.02214,1.99504,1.21517,0.681017,0.350336,0.165109,0.0711738,0.0280269,0.0100712,0.00329961,0.000984969,
0.000605229,0.00203759,0.00625293,0.0175041,0.0447378,0.104509,0.22343,0.437847,0.787981,1.30523,1.99504,2.82197,3.70525,4.52959,5.16961,5.51966,5.51966,5.16961,4.52959,3.70525,2.82197,1.99504,1.30523,0.787981,0.437847,0.22343,0.104509,0.0447378,0.0175041,0.00625293,0.00203759,0.000605229,
0.000342127,0.00115809,0.00357489,0.0100712,0.0259175,0.0609922,0.131427,0.259712,0.471487,0.787981,1.21517,1.73353,2.2937,2.82197,3.23555,3.46299,3.46299,3.23555,2.82197,2.2937,1.73353,1.21517,0.787981,0.471487,0.259712,0.131427,0.0609922,0.0259175,0.0100712,0.00357489,0.00115809,0.000342127,
0.000177768,0.000605229,0.00187991,0.00533147,0.0138183,0.0327664,0.0711738,0.141829,0.259712,0.437847,0.681017,0.979391,1.30523,1.61536,1.85992,1.99504,1.99504,1.85992,1.61536,1.30523,0.979391,0.681017,0.437847,0.259712,0.141829,0.0711738,0.0327664,0.0138183,0.00533147,0.00187991,0.000605229,0.000177768,
8.48286e-05,0.000290551,0.000908297,0.00259362,0.00677108,0.0161788,0.0354241,0.0711738,0.131427,0.22343,0.350336,0.507632,0.681017,0.847378,0.979391,1.05262,1.05262,0.979391,0.847378,0.681017,0.507632,0.350336,0.22343,0.131427,0.0711738,0.0354241,0.0161788,0.00677108,0.00259362,0.000908297,0.000290551,8.48286e-05,
3.71427e-05,0.000128006,0.000402784,0.00115809,0.00304535,0.00733167,0.0161788,0.0327664,0.0609922,0.104509,0.165109,0.240904,0.325146,0.406544,0.471487,0.507632,0.507632,0.471487,0.406544,0.325146,0.240904,0.165109,0.104509,0.0609922,0.0327664,0.0161788,0.00733167,0.00304535,0.00115809,0.000402784,0.000128006,3.71427e-05,
1.491e-05,5.17061e-05,0.000163767,0.000474105,0.00125565,0.00304535,0.00677108,0.0138183,0.0259175,0.0447378,0.0711738,0.104509,0.141829,0.178112,0.207195,0.22343,0.22343,0.207195,0.178112,0.141829,0.104509,0.0711738,0.0447378,0.0259175,0.0138183,0.00677108,0.00304535,0.00125565,0.000474105,0.000163767,5.17061e-05,1.491e-05,
5.48282e-06,1.91324e-05,6.09925e-05,0.000177768,0.000474105,0.00115809,0.00259362,0.00533147,0.0100712,0.0175041,0.0280269,0.0413925,0.056453,0.0711738,0.0830214,0.0896514,0.0896514,0.0830214,0.0711738,0.056453,0.0413925,0.0280269,0.0175041,0.0100712,0.00533147,0.00259362,0.00115809,0.000474105,0.000177768,6.09925e-05,1.91324e-05,5.48282e-06,
1.8455e-06,6.47973e-06,2.07892e-05,6.09925e-05,0.000163767,0.000402784,0.000908297,0.00187991,0.00357489,0.00625293,0.0100712,0.0149526,0.0204846,0.0259175,0.0303055,0.0327664,0.0327664,0.0303055,0.0259175,0.0204846,0.0149526,0.0100712,0.00625293,0.00357489,0.00187991,0.000908297,0.000402784,0.000163767,6.09925e-05,2.07892e-05,6.47973e-06,1.8455e-06,
5.68191e-07,2.00709e-06,6.47973e-06,1.91324e-05,5.17061e-05,0.000128006,0.000290551,0.000605229,0.00115809,0.00203759,0.00329961,0.0049225,0.00677108,0.00859415,0.0100712,0.0109011,0.0109011,0.0100712,0.00859415,0.00677108,0.0049225,0.00329961,0.00203759,0.00115809,0.000605229,0.000290551,0.000128006,5.17061e-05,1.91324e-05,6.47973e-06,2.00709e-06,5.68191e-07,
1.59901e-07,5.68191e-07,1.8455e-06,5.48282e-06,1.491e-05,3.71427e-05,8.48286e-05,0.000177768,0.000342127,0.000605229,0.000984969,0.00147587,0.00203759,0.00259362,0.00304535,0.00329961,0.00329961,0.00304535,0.00259362,0.00203759,0.00147587,0.000984969,0.000605229,0.000342127,0.000177768,8.48286e-05,3.71427e-05,1.491e-05,5.48282e-06,1.8455e-06,5.68191e-07,1.59901e-07,

BiCubic Diff:
-1.09732e-08,-2.13098e-08,-5.25182e-08,-1.34239e-07,-3.18139e-07,-6.83708e-07,-1.33108e-06,-2.35532e-06,-3.79793e-06,-5.59842e-06,-7.57619e-06,-9.46989e-06,-1.10295e-05,-1.21145e-05,-1.27334e-05,-1.2994e-05,-1.2994e-05,-1.27334e-05,-1.21145e-05,-1.10295e-05,-9.46989e-06,-7.57619e-06,-5.59842e-06,-3.79793e-06,-2.35532e-06,-1.3311e-06,-6.87992e-07,-3.23519e-07,-1.34796e-07,-5.25181e-08,-2.07526e-08,-5.59335e-09,
-2.13098e-08,-2.61679e-08,-4.89679e-08,-1.21258e-07,-2.96171e-07,-6.5753e-07,-1.31512e-06,-2.39891e-06,-4.0186e-06,-6.21866e-06,-8.93506e-06,-1.19746e-05,-1.50325e-05,-1.77478e-05,-1.97772e-05,-2.08607e-05,-2.08607e-05,-1.97772e-05,-1.77478e-05,-1.50325e-05,-1.19746e-05,-8.93506e-06,-6.21866e-06,-4.0186e-06,-2.39891e-06,-1.31521e-06,-6.72496e-07,-3.12285e-07,-1.22765e-07,-4.89679e-08,-2.46603e-08,-5.19566e-09,
-5.25182e-08,-4.89679e-08,-6.349e-08,-1.38101e-07,-3.42286e-07,-7.81271e-07,-1.58839e-06,-2.97136e-06,-5.1878e-06,-8.51797e-06,-1.31714e-05,-1.9125e-05,-2.59512e-05,-3.2755e-05,-3.83217e-05,-4.14704e-05,-4.14704e-05,-3.83217e-05,-3.2755e-05,-2.59512e-05,-1.9125e-05,-1.31714e-05,-8.51796e-06,-5.1878e-06,-2.97136e-06,-1.58875e-06,-8.30407e-07,-3.85093e-07,-1.4163e-07,-6.349e-08,-4.54387e-08,-9.71122e-09,
-1.34239e-07,-1.21258e-07,-1.38101e-07,-2.53498e-07,-5.80595e-07,-1.25575e-06,-2.37638e-06,-4.16116e-06,-6.94577e-06,-1.12449e-05,-1.76555e-05,-2.65198e-05,-3.74428e-05,-4.89769e-05,-5.88079e-05,-6.45041e-05,-6.45041e-05,-5.88079e-05,-4.89769e-05,-3.74428e-05,-2.65198e-05,-1.76555e-05,-1.12449e-05,-6.94576e-06,-4.16116e-06,-2.37761e-06,-1.40068e-06,-6.8188e-07,-2.60111e-07,-1.38101e-07,-1.14645e-07,-3.29544e-08,
-3.18139e-07,-2.96171e-07,-3.42286e-07,-5.80595e-07,-1.22849e-06,-2.49355e-06,-4.27988e-06,-6.60456e-06,-9.55067e-06,-1.35269e-05,-1.92972e-05,-2.75795e-05,-3.83199e-05,-5.01419e-05,-6.04978e-05,-6.65842e-05,-6.65842e-05,-6.04978e-05,-5.01419e-05,-3.83199e-05,-2.75795e-05,-1.92972e-05,-1.35269e-05,-9.55067e-06,-6.60456e-06,-4.28373e-06,-2.88174e-06,-1.43903e-06,-5.90441e-07,-3.42286e-07,-2.86325e-07,-1.07601e-07,
-6.83708e-07,-6.5753e-07,-7.81271e-07,-1.25575e-06,-2.49355e-06,-4.89552e-06,-7.9467e-06,-1.13854e-05,-1.50992e-05,-1.97981e-05,-2.7148e-05,-3.89191e-05,-5.5443e-05,-7.44839e-05,-9.15563e-05,-0.0001017,-0.0001017,-9.15563e-05,-7.44839e-05,-5.5443e-05,-3.89191e-05,-2.7148e-05,-1.97981e-05,-1.50992e-05,-1.13854e-05,-7.9577e-06,-5.8408e-06,-2.87077e-06,-1.26203e-06,-7.81271e-07,-6.51241e-07,-3.06492e-07,
-1.33108e-06,-1.31512e-06,-1.58839e-06,-2.37639e-06,-4.27988e-06,-7.9467e-06,-1.15844e-05,-1.39553e-05,-1.42111e-05,-1.35284e-05,-1.55114e-05,-2.44695e-05,-4.22561e-05,-6.60263e-05,-8.88336e-05,-0.000102789,-0.000102789,-8.88336e-05,-6.60263e-05,-4.22561e-05,-2.44695e-05,-1.55114e-05,-1.35284e-05,-1.42111e-05,-1.39553e-05,-1.1613e-05,-1.0041e-05,-4.83985e-06,-2.35589e-06,-1.58839e-06,-1.33562e-06,-7.71121e-07,
-2.35532e-06,-2.39891e-06,-2.97136e-06,-4.16116e-06,-6.60456e-06,-1.13854e-05,-1.39553e-05,-1.10631e-05,-5.0276e-07,1.5481e-05,2.9429e-05,3.21769e-05,1.89109e-05,-6.83641e-06,-3.45392e-05,-5.22074e-05,-5.22074e-05,-3.45392e-05,-6.83641e-06,1.89109e-05,3.21769e-05,2.9429e-05,1.5481e-05,-5.02758e-07,-1.10631e-05,-1.40229e-05,-1.56121e-05,-7.22137e-06,-4.05859e-06,-2.97136e-06,-2.50148e-06,-1.73852e-06,
-3.79793e-06,-4.0186e-06,-5.1878e-06,-6.94577e-06,-9.55067e-06,-1.50992e-05,-1.42111e-05,-5.0276e-07,2.99063e-05,7.22705e-05,0.000112369,0.000133389,0.00012665,9.76965e-05,6.29099e-05,4.00889e-05,4.00889e-05,6.29099e-05,9.76965e-05,0.00012665,0.000133389,0.000112369,7.22705e-05,2.99063e-05,-5.02757e-07,-1.43563e-05,-2.28802e-05,-9.81267e-06,-6.65757e-06,-5.1878e-06,-4.30679e-06,-3.53599e-06,
-5.59842e-06,-6.21866e-06,-8.51797e-06,-1.12449e-05,-1.35269e-05,-1.97981e-05,-1.35284e-05,1.5481e-05,7.22705e-05,0.00014715,0.000215695,0.000251301,0.000242394,0.00020008,0.000150196,0.000118102,0.000118102,0.000150196,0.00020008,0.000242394,0.000251301,0.000215695,0.00014715,7.22705e-05,1.5481e-05,-1.38118e-05,-3.28927e-05,-1.26086e-05,-1.06124e-05,-8.51797e-06,-6.85111e-06,-6.51679e-06,
-7.57619e-06,-8.93506e-06,-1.31714e-05,-1.76555e-05,-1.92972e-05,-2.7148e-05,-1.55114e-05,2.9429e-05,0.000112369,0.000215695,0.000301971,0.000334736,0.00030329,0.000229835,0.000153328,0.000106868,0.000106868,0.000153328,0.000229835,0.00030329,0.000334736,0.000301971,0.000215695,0.000112369,2.9429e-05,-1.60143e-05,-4.73496e-05,-1.59531e-05,-1.64802e-05,-1.31714e-05,-1.01103e-05,-1.09205e-05,
-9.46989e-06,-1.19746e-05,-1.9125e-05,-2.65198e-05,-2.75795e-05,-3.89192e-05,-2.44695e-05,3.21769e-05,0.000133389,0.000251301,0.000334736,0.000340186,0.000263732,0.000144162,3.47033e-05,-2.72973e-05,-2.72973e-05,3.47033e-05,0.000144162,0.000263732,0.000340186,0.000334736,0.000251301,0.000133389,3.21769e-05,-2.52808e-05,-6.7593e-05,-2.03598e-05,-2.46065e-05,-1.9125e-05,-1.38879e-05,-1.66899e-05,
-1.10295e-05,-1.50325e-05,-2.59512e-05,-3.74428e-05,-3.83199e-05,-5.5443e-05,-4.22561e-05,1.89109e-05,0.00012665,0.000242394,0.00030329,0.000263732,0.00013233,-3.29489e-05,-0.000167925,-0.000238595,-0.000238595,-0.000167925,-3.29489e-05,0.00013233,0.000263732,0.00030329,0.000242394,0.00012665,1.89109e-05,-4.34454e-05,-9.3053e-05,-2.60196e-05,-3.46635e-05,-2.59512e-05,-1.78118e-05,-2.33301e-05,
-1.21145e-05,-1.77478e-05,-3.2755e-05,-4.89769e-05,-5.01419e-05,-7.44839e-05,-6.60263e-05,-6.83641e-06,9.76965e-05,0.00020008,0.000229835,0.000144162,-3.29489e-05,-0.000226191,-0.000367126,-0.000433702,-0.000433702,-0.000367126,-0.000226191,-3.29489e-05,0.000144162,0.000229835,0.00020008,9.76965e-05,-6.8364e-06,-6.76106e-05,-0.000120295,-3.23488e-05,-4.53324e-05,-3.2755e-05,-2.13923e-05,-2.9908e-05,
-1.27334e-05,-1.97772e-05,-3.83217e-05,-5.88079e-05,-6.04979e-05,-9.15563e-05,-8.88336e-05,-3.45392e-05,6.29099e-05,0.000150196,0.000153328,3.47033e-05,-0.000167925,-0.000367126,-0.000496155,-0.000548907,-0.000548907,-0.000496155,-0.000367126,-0.000167925,3.47033e-05,0.000153328,0.000150196,6.29099e-05,-3.45392e-05,-9.07519e-05,-0.000143626,-3.79875e-05,-5.44596e-05,-3.83217e-05,-2.41254e-05,-3.52427e-05,
-1.2994e-05,-2.08607e-05,-4.14704e-05,-6.45041e-05,-6.65842e-05,-0.0001017,-0.000102789,-5.22074e-05,4.00889e-05,0.000118102,0.000106868,-2.72973e-05,-0.000238595,-0.000433702,-0.000548907,-0.000589509,-0.000589509,-0.000548907,-0.000433702,-0.000238595,-2.72973e-05,0.000106868,0.000118102,4.00889e-05,-5.22074e-05,-0.0001049,-0.00015715,-4.13398e-05,-5.97605e-05,-4.14704e-05,-2.56043e-05,-3.82392e-05,
-1.2994e-05,-2.08607e-05,-4.14704e-05,-6.45041e-05,-6.65842e-05,-0.0001017,-0.000102789,-5.22074e-05,4.00889e-05,0.000118102,0.000106868,-2.72973e-05,-0.000238595,-0.000433702,-0.000548907,-0.000589509,-0.000589509,-0.000548907,-0.000433702,-0.000238595,-2.72973e-05,0.000106868,0.000118102,4.00889e-05,-5.22074e-05,-0.0001049,-0.00015715,-4.13398e-05,-5.97605e-05,-4.14704e-05,-2.56043e-05,-3.82392e-05,
-1.27334e-05,-1.97772e-05,-3.83217e-05,-5.88079e-05,-6.04979e-05,-9.15563e-05,-8.88336e-05,-3.45392e-05,6.29099e-05,0.000150196,0.000153328,3.47033e-05,-0.000167925,-0.000367126,-0.000496155,-0.000548907,-0.000548907,-0.000496155,-0.000367126,-0.000167925,3.47033e-05,0.000153328,0.000150196,6.29099e-05,-3.45392e-05,-9.07519e-05,-0.000143626,-3.79875e-05,-5.44596e-05,-3.83217e-05,-2.41254e-05,-3.52427e-05,
-1.21145e-05,-1.77478e-05,-3.2755e-05,-4.89769e-05,-5.01419e-05,-7.44839e-05,-6.60263e-05,-6.83641e-06,9.76965e-05,0.00020008,0.000229835,0.000144162,-3.29489e-05,-0.000226191,-0.000367126,-0.000433702,-0.000433702,-0.000367126,-0.000226191,-3.29489e-05,0.000144162,0.000229835,0.00020008,9.76965e-05,-6.8364e-06,-6.76106e-05,-0.000120295,-3.23488e-05,-4.53324e-05,-3.2755e-05,-2.13923e-05,-2.9908e-05,
-1.10295e-05,-1.50325e-05,-2.59512e-05,-3.74428e-05,-3.83199e-05,-5.5443e-05,-4.22561e-05,1.89109e-05,0.00012665,0.000242394,0.00030329,0.000263732,0.00013233,-3.29489e-05,-0.000167925,-0.000238595,-0.000238595,-0.000167925,-3.29489e-05,0.00013233,0.000263732,0.00030329,0.000242394,0.00012665,1.89109e-05,-4.34454e-05,-9.3053e-05,-2.60196e-05,-3.46635e-05,-2.59512e-05,-1.78118e-05,-2.33301e-05,
-9.46989e-06,-1.19746e-05,-1.9125e-05,-2.65198e-05,-2.75795e-05,-3.89192e-05,-2.44695e-05,3.21769e-05,0.000133389,0.000251301,0.000334736,0.000340186,0.000263732,0.000144162,3.47033e-05,-2.72973e-05,-2.72973e-05,3.47033e-05,0.000144162,0.000263732,0.000340186,0.000334736,0.000251301,0.000133389,3.21769e-05,-2.52808e-05,-6.7593e-05,-2.03598e-05,-2.46065e-05,-1.9125e-05,-1.38879e-05,-1.66899e-05,
-7.57619e-06,-8.93506e-06,-1.31714e-05,-1.76555e-05,-1.92972e-05,-2.7148e-05,-1.55114e-05,2.9429e-05,0.000112369,0.000215695,0.000301971,0.000334736,0.00030329,0.000229835,0.000153328,0.000106868,0.000106868,0.000153328,0.000229835,0.00030329,0.000334736,0.000301971,0.000215695,0.000112369,2.9429e-05,-1.60143e-05,-4.73496e-05,-1.59531e-05,-1.64802e-05,-1.31714e-05,-1.01103e-05,-1.09205e-05,
-5.59842e-06,-6.21866e-06,-8.51797e-06,-1.12449e-05,-1.35269e-05,-1.97981e-05,-1.35284e-05,1.5481e-05,7.22705e-05,0.00014715,0.000215695,0.000251301,0.000242394,0.00020008,0.000150196,0.000118102,0.000118102,0.000150196,0.00020008,0.000242394,0.000251301,0.000215695,0.00014715,7.22705e-05,1.5481e-05,-1.38118e-05,-3.28927e-05,-1.26086e-05,-1.06124e-05,-8.51797e-06,-6.85111e-06,-6.51679e-06,
-3.79793e-06,-4.0186e-06,-5.1878e-06,-6.94577e-06,-9.55067e-06,-1.50992e-05,-1.42111e-05,-5.02761e-07,2.99063e-05,7.22705e-05,0.000112369,0.000133389,0.00012665,9.76965e-05,6.29099e-05,4.00888e-05,4.00888e-05,6.29099e-05,9.76965e-05,0.00012665,0.000133389,0.000112369,7.22705e-05,2.99063e-05,-5.02759e-07,-1.43563e-05,-2.28802e-05,-9.81268e-06,-6.65757e-06,-5.1878e-06,-4.30679e-06,-3.53599e-06,
-2.35532e-06,-2.39891e-06,-2.97136e-06,-4.16116e-06,-6.60456e-06,-1.13854e-05,-1.39553e-05,-1.10631e-05,-5.02762e-07,1.5481e-05,2.9429e-05,3.21769e-05,1.89109e-05,-6.83641e-06,-3.45392e-05,-5.22074e-05,-5.22074e-05,-3.45392e-05,-6.83641e-06,1.89109e-05,3.21769e-05,2.9429e-05,1.5481e-05,-5.0276e-07,-1.10631e-05,-1.40229e-05,-1.56121e-05,-7.22137e-06,-4.0586e-06,-2.97136e-06,-2.50148e-06,-1.73852e-06,
-1.33108e-06,-1.31512e-06,-1.58839e-06,-2.37639e-06,-4.27988e-06,-7.9467e-06,-1.15844e-05,-1.39553e-05,-1.42111e-05,-1.35284e-05,-1.55114e-05,-2.44695e-05,-4.22561e-05,-6.60263e-05,-8.88336e-05,-0.000102789,-0.000102789,-8.88336e-05,-6.60263e-05,-4.22561e-05,-2.44695e-05,-1.55114e-05,-1.35284e-05,-1.42111e-05,-1.39553e-05,-1.1613e-05,-1.0041e-05,-4.83985e-06,-2.35589e-06,-1.58839e-06,-1.33562e-06,-7.71121e-07,
-6.83708e-07,-6.5753e-07,-7.81271e-07,-1.25575e-06,-2.49355e-06,-4.89552e-06,-7.9467e-06,-1.13854e-05,-1.50992e-05,-1.97981e-05,-2.7148e-05,-3.89192e-05,-5.5443e-05,-7.44839e-05,-9.15563e-05,-0.0001017,-0.0001017,-9.15563e-05,-7.44839e-05,-5.5443e-05,-3.89191e-05,-2.7148e-05,-1.97981e-05,-1.50992e-05,-1.13854e-05,-7.9577e-06,-5.8408e-06,-2.87077e-06,-1.26203e-06,-7.81271e-07,-6.51241e-07,-3.06492e-07,
-3.18139e-07,-2.96171e-07,-3.42286e-07,-5.80595e-07,-1.22849e-06,-2.49355e-06,-4.27988e-06,-6.60456e-06,-9.55067e-06,-1.35269e-05,-1.92972e-05,-2.75795e-05,-3.83199e-05,-5.01419e-05,-6.04979e-05,-6.65842e-05,-6.65842e-05,-6.04979e-05,-5.01419e-05,-3.83199e-05,-2.75795e-05,-1.92972e-05,-1.35269e-05,-9.55067e-06,-6.60456e-06,-4.28373e-06,-2.88174e-06,-1.43903e-06,-5.90441e-07,-3.42286e-07,-2.86325e-07,-1.07601e-07,
-1.34239e-07,-1.21258e-07,-1.38101e-07,-2.53498e-07,-5.80595e-07,-1.25575e-06,-2.37639e-06,-4.16116e-06,-6.94577e-06,-1.12449e-05,-1.76555e-05,-2.65198e-05,-3.74428e-05,-4.89769e-05,-5.88079e-05,-6.45041e-05,-6.45041e-05,-5.88079e-05,-4.89769e-05,-3.74428e-05,-2.65198e-05,-1.76555e-05,-1.12449e-05,-6.94577e-06,-4.16116e-06,-2.37761e-06,-1.40068e-06,-6.8188e-07,-2.60111e-07,-1.38101e-07,-1.14645e-07,-3.29544e-08,
-5.25182e-08,-4.89679e-08,-6.349e-08,-1.38101e-07,-3.42286e-07,-7.81271e-07,-1.58839e-06,-2.97136e-06,-5.1878e-06,-8.51797e-06,-1.31714e-05,-1.9125e-05,-2.59512e-05,-3.2755e-05,-3.83217e-05,-4.14704e-05,-4.14704e-05,-3.83217e-05,-3.2755e-05,-2.59512e-05,-1.9125e-05,-1.31714e-05,-8.51797e-06,-5.1878e-06,-2.97136e-06,-1.58875e-06,-8.30407e-07,-3.85093e-07,-1.4163e-07,-6.349e-08,-4.54387e-08,-9.71122e-09,
-2.13098e-08,-2.61679e-08,-4.89679e-08,-1.21258e-07,-2.96171e-07,-6.5753e-07,-1.31512e-06,-2.39891e-06,-4.0186e-06,-6.21866e-06,-8.93506e-06,-1.19746e-05,-1.50325e-05,-1.77478e-05,-1.97772e-05,-2.08607e-05,-2.08607e-05,-1.97772e-05,-1.77478e-05,-1.50325e-05,-1.19746e-05,-8.93506e-06,-6.21866e-06,-4.0186e-06,-2.39891e-06,-1.31521e-06,-6.72496e-07,-3.12285e-07,-1.22765e-07,-4.89679e-08,-2.46603e-08,-5.19567e-09,
-1.09732e-08,-2.13097e-08,-5.25182e-08,-1.34239e-07,-3.18139e-07,-6.83708e-07,-1.33108e-06,-2.35532e-06,-3.79793e-06,-5.59842e-06,-7.57619e-06,-9.46989e-06,-1.10295e-05,-1.21145e-05,-1.27334e-05,-1.2994e-05,-1.2994e-05,-1.27334e-05,-1.21145e-05,-1.10295e-05,-9.46989e-06,-7.57619e-06,-5.59842e-06,-3.79793e-06,-2.35532e-06,-1.3311e-06,-6.87992e-07,-3.23519e-07,-1.34796e-07,-5.25182e-08,-2.07526e-08,-5.59335e-09,

FFT  Diff:
-1.03065e-07,0.0192643,0.0300685,0.0799432,-7.50645e-06,-1.76186e-05,-3.78102e-05,-7.38541e-05,-0.000132979,-0.000218984,-0.000333124,-0.000466895,-0.000605593,-0.00073341,-0.000828243,-0.000879026,-0.000879026,-0.000828243,-0.00073341,-0.000605593,-0.000466895,-0.000333124,-0.000218984,-0.000132979,-7.38541e-05,-3.78102e-05,-1.76186e-05,-7.50645e-06,0.0799432,0.0300685,0.0192643,-1.03065e-07,
0.0192643,-1.12258e-06,-0.0770762,-0.0462352,-2.38825e-05,-5.53916e-05,-0.00011739,-0.000226512,-0.000402917,-0.000655079,-0.000984018,-0.00136197,-0.00174533,-0.00209237,-0.00234391,-0.00247808,-0.00247808,-0.00234391,-0.00209237,-0.00174533,-0.00136197,-0.000984018,-0.000655079,-0.000402917,-0.000226512,-0.00011739,-5.53916e-05,-2.38825e-05,-0.0462352,-0.0770762,-1.12258e-06,0.0192643,
0.0300685,-0.0770762,-1.01781e-05,-0.277495,-6.98437e-05,-0.000160098,-0.000335218,-0.000637265,-0.00111632,-0.00178574,-0.00264288,-0.00360371,-0.00455084,-0.00538789,-0.00597493,-0.00629249,-0.00629249,-0.00597493,-0.00538789,-0.00455084,-0.00360371,-0.00264288,-0.00178574,-0.00111632,-0.000637265,-0.000335218,-0.000160098,-6.98437e-05,-0.277495,-1.01781e-05,-0.0770762,0.0300685,
0.0799432,-0.0462352,-0.277495,-7.39141e-05,-0.00018741,-0.000424463,-0.000877773,-0.00164712,-0.00284785,-0.00448486,-0.00651985,-0.00871798,-0.0108327,-0.012646,-0.0138793,-0.0145392,-0.0145392,-0.0138793,-0.012646,-0.0108327,-0.00871798,-0.00651985,-0.00448486,-0.00284785,-0.00164712,-0.000877773,-0.000424463,-0.00018741,-7.39141e-05,-0.277495,-0.0462352,0.0799432,
-7.50645e-06,-2.38825e-05,-6.98437e-05,-0.00018741,-0.00244077,-0.000810006,-0.00202855,-0.00364979,-0.00637343,-0.0100066,-0.0143998,-0.0190133,-0.0231248,-0.0264543,-0.0287013,-0.0298852,-0.0298852,-0.0287013,-0.0264543,-0.0231248,-0.0190133,-0.0143998,-0.0100066,-0.00637343,-0.00364979,-0.00202855,-0.000810006,-0.00244077,-0.00018741,-6.98437e-05,-2.38825e-05,-7.50645e-06,
-1.76186e-05,-5.53916e-05,-0.000160098,-0.000424463,-0.000810006,-0.00225792,-0.00454861,-0.00838844,-0.0139869,-0.0212707,-0.0301005,-0.038904,-0.0542676,-0.0533988,-0.0510495,-0.0496435,-0.0496435,-0.0510495,-0.0533988,-0.0542676,-0.038904,-0.0301005,-0.0212707,-0.0139869,-0.00838844,-0.00454861,-0.00225792,-0.000810006,-0.000424463,-0.000160098,-5.53916e-05,-1.76186e-05,
-3.78102e-05,-0.00011739,-0.000335218,-0.000877773,-0.00202855,-0.00454861,-0.00887262,-0.0162554,-0.0269323,-0.0405242,-0.0548816,-0.0713744,-0.0832899,-0.0926357,-0.0965014,-0.0983372,-0.0983372,-0.0965014,-0.0926357,-0.0832899,-0.0713744,-0.0548816,-0.0405242,-0.0269323,-0.0162554,-0.00887262,-0.00454861,-0.00202855,-0.000877773,-0.000335218,-0.00011739,-3.78102e-05,
-7.38541e-05,-0.000226512,-0.000637265,-0.00164712,-0.00364979,-0.00838844,-0.0162554,-0.0287846,-0.0469721,-0.0689207,-0.0945761,-0.117628,-0.134458,-0.145986,-0.15069,-0.152874,-0.152874,-0.15069,-0.145986,-0.134458,-0.117628,-0.0945761,-0.0689207,-0.0469721,-0.0287846,-0.0162554,-0.00838844,-0.00364979,-0.00164712,-0.000637265,-0.000226512,-7.38541e-05,
-0.000132979,-0.000402917,-0.00111632,-0.00284785,-0.00637343,-0.0139869,-0.0269323,-0.0469721,-0.0754078,-0.109798,-0.146726,-0.178367,-0.199524,-0.213774,-0.218866,-0.221167,-0.221167,-0.218866,-0.213774,-0.199524,-0.178367,-0.146726,-0.109798,-0.0754078,-0.0469721,-0.0269323,-0.0139869,-0.00637343,-0.00284785,-0.00111632,-0.000402917,-0.000132979,
-0.000218984,-0.000655079,-0.00178574,-0.00448486,-0.0100066,-0.0212707,-0.0405242,-0.0689207,-0.109798,-0.157092,-0.203285,-0.242194,-0.267573,-0.284288,-0.28949,-0.291152,-0.291152,-0.28949,-0.284288,-0.267573,-0.242194,-0.203285,-0.157092,-0.109798,-0.0689207,-0.0405242,-0.0212707,-0.0100066,-0.00448486,-0.00178574,-0.000655079,-0.000218984,
-0.000333124,-0.000984018,-0.00264288,-0.00651985,-0.0143998,-0.0301005,-0.0548816,-0.0945761,-0.146726,-0.203285,-0.258565,-0.304566,-0.332894,-0.351355,-0.355408,-0.357661,-0.357661,-0.355408,-0.351355,-0.332894,-0.304566,-0.258565,-0.203285,-0.146726,-0.0945761,-0.0548816,-0.0301005,-0.0143998,-0.00651985,-0.00264288,-0.000984018,-0.000333124,
-0.000466895,-0.00136197,-0.00360371,-0.00871798,-0.0190133,-0.038904,-0.0713744,-0.117628,-0.178367,-0.242194,-0.304566,-0.355321,-0.385487,-0.405684,-0.409919,-0.412946,-0.412946,-0.409919,-0.405684,-0.385487,-0.355321,-0.304566,-0.242194,-0.178367,-0.117628,-0.0713744,-0.038904,-0.0190133,-0.00871798,-0.00360371,-0.00136197,-0.000466895,
-0.000605593,-0.00174533,-0.00455084,-0.0108327,-0.0231248,-0.0542676,-0.0832899,-0.134458,-0.199524,-0.267573,-0.332894,-0.385487,-0.416491,-0.43908,-0.445233,-0.450379,-0.450379,-0.445233,-0.43908,-0.416491,-0.385487,-0.332894,-0.267573,-0.199524,-0.134458,-0.0832899,-0.0542676,-0.0231248,-0.0108327,-0.00455084,-0.00174533,-0.000605593,
-0.00073341,-0.00209237,-0.00538789,-0.012646,-0.0264543,-0.0533988,-0.0926357,-0.145986,-0.213774,-0.284288,-0.351355,-0.405684,-0.43908,-0.466161,-0.476694,-0.485359,-0.485359,-0.476694,-0.466161,-0.43908,-0.405684,-0.351355,-0.284288,-0.213774,-0.145986,-0.0926357,-0.0533988,-0.0264543,-0.012646,-0.00538789,-0.00209237,-0.00073341,
-0.000828243,-0.00234391,-0.00597493,-0.0138793,-0.0287013,-0.0510495,-0.0965014,-0.15069,-0.218866,-0.28949,-0.355408,-0.409919,-0.445233,-0.476694,-0.491966,-0.504317,-0.504317,-0.491966,-0.476694,-0.445233,-0.409919,-0.355408,-0.28949,-0.218866,-0.15069,-0.0965014,-0.0510495,-0.0287013,-0.0138793,-0.00597493,-0.00234391,-0.000828243,
-0.000879026,-0.00247808,-0.00629249,-0.0145392,-0.0298852,-0.0496435,-0.0983372,-0.152874,-0.221167,-0.291152,-0.357661,-0.412946,-0.450379,-0.485359,-0.504317,-0.519267,-0.519267,-0.504317,-0.485359,-0.450379,-0.412946,-0.357661,-0.291152,-0.221167,-0.152874,-0.0983372,-0.0496435,-0.0298852,-0.0145392,-0.00629249,-0.00247808,-0.000879026,
-0.000879026,-0.00247808,-0.00629249,-0.0145392,-0.0298852,-0.0496435,-0.0983372,-0.152874,-0.221167,-0.291152,-0.357661,-0.412946,-0.450379,-0.485359,-0.504317,-0.519267,-0.519267,-0.504317,-0.485359,-0.450379,-0.412946,-0.357661,-0.291152,-0.221167,-0.152874,-0.0983372,-0.0496435,-0.0298852,-0.0145392,-0.00629249,-0.00247808,-0.000879026,
-0.000828243,-0.00234391,-0.00597493,-0.0138793,-0.0287013,-0.0510495,-0.0965014,-0.15069,-0.218866,-0.28949,-0.355408,-0.409919,-0.445233,-0.476694,-0.491966,-0.504317,-0.504317,-0.491966,-0.476694,-0.445233,-0.409919,-0.355408,-0.28949,-0.218866,-0.15069,-0.0965014,-0.0510495,-0.0287013,-0.0138793,-0.00597493,-0.00234391,-0.000828243,
