Base Function:
1,1,1,1,1,1,1,1,
1,1,1,1,1,1,1,1,
1,1,1,1,1,1,1,1,
1,1,1,1,1,1,1,1,
1,1,1,1,1,1,1,1,
1,1,1,1,1,1,1,1,
1,1,1,1,1,1,1,1,
1,1,1,1,1,1,1,1,

Row test
:0.250488 0.500488 0.500488 0.500488 0.500488 0.500488 0.500488 0.250488 0.500488        1        1        1        1        1        1 0.500488 0.500488        1        1        1        1        1        1 0.500488 0.500488        1        1        1        1        1        1 0.500488 0.500488        1        1        1        1        1        1 0.500488 0.500488        1        1        1        1        1        1 0.500488 0.500488        1        1        1        1        1        1 0.500488 0.250488 0.500488 0.500488 0.500488 0.500488 0.500488 0.500488 0.250488
  0.49135  0.981743  0.981743  0.981743  0.981743  0.981743  0.981743   0.49135  0.898482   1.79519   1.79519   1.79519   1.79519   1.79519   1.79519  0.898482  0.608139   1.21528   1.21528   1.21528   1.21528   1.21528   1.21528  0.608139  0.214345  0.428338  0.428338  0.428338  0.428338  0.428338  0.428338  0.214345 -0.214345 -0.428338 -0.428338 -0.428338 -0.428338 -0.428338 -0.428338 -0.214345 -0.608139  -1.21528  -1.21528  -1.21528  -1.21528  -1.21528  -1.21528 -0.608139 -0.898482  -1.79519  -1.79519  -1.79519  -1.79519  -1.79519  -1.79519 -0.898482  -0.49135 -0.981743 -0.981743 -0.981743 -0.981743 -0.981743 -0.981743  -0.49135
 0.462842  0.924782  0.924782  0.924782  0.924782  0.924782  0.924782  0.462842  0.623002   1.24473   1.24473   1.24473   1.24473   1.24473   1.24473  0.623002  -0.17018 -0.339832 -0.339832 -0.339832 -0.339832 -0.339832 -0.339832  -0.17018  -0.75143  -1.50158  -1.50158  -1.50158  -1.50158  -1.50158  -1.50158  -0.75143  -0.75143  -1.50158  -1.50158  -1.50158  -1.50158  -1.50158  -1.50158  -0.75143  -0.17018 -0.339832 -0.339832 -0.339832 -0.339832 -0.339832 -0.339832  -0.17018  0.623002   1.24473   1.24473   1.24473   1.24473   1.24473   1.24473  0.623002  0.462842  0.924782  0.924782  0.924782  0.924782  0.924782  0.924782  0.462842
 0.416547  0.832282  0.832282  0.832282  0.832282  0.832282  0.832282  0.416547  0.259854  0.519087  0.519087  0.519087  0.519087  0.519087  0.519087  0.259854 -0.616669   -1.2326   -1.2326   -1.2326   -1.2326   -1.2326   -1.2326 -0.616669 -0.417785 -0.835154 -0.835154 -0.835154 -0.835154 -0.835154 -0.835154 -0.417785  0.417785  0.835154  0.835154  0.835154  0.835154  0.835154  0.835154  0.417785  0.616669    1.2326    1.2326    1.2326    1.2326    1.2326    1.2326  0.616669 -0.259854 -0.519087 -0.519087 -0.519087 -0.519087 -0.519087 -0.519087 -0.259854 -0.416547 -0.832282 -0.832282 -0.832282 -0.832282 -0.832282 -0.832282 -0.416547
  0.354244   0.707797   0.707797   0.707797   0.707797   0.707797   0.707797   0.354244 -0.0807925  -0.161585  -0.161585  -0.161585  -0.161585  -0.161585  -0.161585 -0.0807925  -0.496494  -0.992988  -0.992988  -0.992988  -0.992988  -0.992988  -0.992988  -0.496494   0.254807   0.509614   0.509614   0.509614   0.509614   0.509614   0.509614   0.254807   0.254807   0.509614   0.509614   0.509614   0.509614   0.509614   0.509614   0.254807  -0.496494  -0.992988  -0.992988  -0.992988  -0.992988  -0.992988  -0.992988  -0.496494 -0.0807925  -0.161585  -0.161585  -0.161585  -0.161585  -0.161585  -0.161585 -0.0807925   0.354244   0.707797   0.707797   0.707797   0.707797   0.707797   0.707797   0.354244
end Row test
:Result of scaled FFT is
1 0 0 0 0 0 0 0 0 0 0 0 0 0 0 0 0 0 0 0 0 0 0 0 0 0 0 0 0 0 0 0 0 0 0 0 0 0 0 0 0 0 0 0 0 0 0 0 0 0 0 0 0 0 0 0 0 0 0 0 0 0 0 0
0.250488 0.500488 0.500488 0.500488 0.500488 0.500488 0.500488 0.250488 0.500488        1        1        1        1        1        1 0.500488 0.500488        1        1        1        1        1        1 0.500488 0.500488        1        1        1        1        1        1 0.500488 0.500488        1        1        1        1        1        1 0.500488 0.500488        1        1        1        1        1        1 0.500488 0.500488        1        1        1        1        1        1 0.500488 0.250488 0.500488 0.500488 0.500488 0.500488 0.500488 0.500488 0.250488
Result of matrix mult is 
 0.250488
  0.49135
 0.462842
 0.416547
 0.354244
 0.278328
 0.191715
0.0977357
  0.49135
 0.963819
 0.907897
 0.817086
 0.694874
 0.545959
 0.376063
 0.191715
 0.462842
 0.907897
  0.85522
 0.769678
 0.654557
 0.514282
 0.354244
 0.180592
 0.416547
 0.817086
 0.769678
 0.692692
 0.589086
 0.462842
 0.318811
 0.162528
 0.354244
 0.694874
 0.654557
 0.589086
 0.500977
 0.393615
 0.271127
 0.138219
 0.278328
 0.545959
 0.514282
 0.462842
 0.393615
 0.309261
 0.213023
 0.108598
 0.191715
 0.376063
 0.354244
 0.318811
 0.271127
 0.213023
 0.146733
0.0748037
0.0977357
 0.191715
 0.180592
 0.162528
 0.138219
 0.108598
0.0748037
0.0381346
Trap Rule:
0.250488,0.500488,0.500488,0.500488,0.500488,0.500488,0.500488,0.250488,
0.500488,1,1,1,1,1,1,0.500488,
0.500488,1,1,1,1,1,1,0.500488,
0.500488,1,1,1,1,1,1,0.500488,
0.500488,1,1,1,1,1,1,0.500488,
0.500488,1,1,1,1,1,1,0.500488,
0.500488,1,1,1,1,1,1,0.500488,
0.250488,0.500488,0.500488,0.500488,0.500488,0.500488,0.500488,0.250488,

Linear Diff:
-0.000976562,-0.000976562,-0.000976562,-0.000976563,-0.000976563,-0.000976563,-0.000976562,-0.000976562,
-0.000976562,0,-1.11022e-16,-3.33067e-16,-1.11022e-16,0,0,-0.000976562,
-0.000976563,0,0,-3.33067e-16,0,0,0,-0.000976563,
-0.000976563,-3.33067e-16,-3.33067e-16,-3.33067e-16,0,-1.11022e-16,-3.33067e-16,-0.000976563,
-0.000976563,-3.33067e-16,0,0,0,0,-1.11022e-16,-0.000976563,
-0.000976562,0,0,0,0,0,0,-0.000976562,
-0.000976562,0,-1.11022e-16,-3.33067e-16,-1.11022e-16,0,0,-0.000976562,
-0.000976562,-0.000976562,-0.000976563,-0.000976563,-0.000976563,-0.000976562,-0.000976562,-0.000976562,

BiCubic Diff:
-0.000976563,-0.000976563,-0.000976563,-0.000976563,-0.000976563,-0.000976563,-0.000976563,-0.000976563,
-0.000976563,-1.44329e-15,-2.22045e-15,-5.10703e-15,-5.10703e-15,-5.55112e-16,-3.55271e-15,-0.000976563,
-0.000976563,2.22045e-15,8.88178e-16,-1.66533e-15,-1.9984e-15,2.44249e-15,2.22045e-16,-0.000976563,
-0.000976562,4.44089e-15,2.44249e-15,-3.33067e-16,-5.55112e-16,4.21885e-15,2.44249e-15,-0.000976562,
-0.000976562,4.44089e-15,2.44249e-15,-3.33067e-16,-4.44089e-16,4.21885e-15,2.44249e-15,-0.000976562,
-0.000976563,1.77636e-15,6.66134e-16,-2.22045e-15,-2.22045e-15,2.22045e-15,-6.66134e-16,-0.000976563,
-0.000976563,-1.66533e-15,-3.10862e-15,-5.88418e-15,-5.88418e-15,-1.44329e-15,-3.9968e-15,-0.000976563,
-0.000976563,-0.000976563,-0.000976563,-0.000976563,-0.000976563,-0.000976563,-0.000976563,-0.000976563,

FFT  Diff:
0,-0.00913784,-0.0376463,-0.0839415,-0.146244,-0.222161,-0.308773,-0.152753,
-0.00913784,-0.0361814,-0.0921028,-0.182914,-0.305126,-0.454041,-0.623937,-0.308773,
-0.0376463,-0.0921028,-0.14478,-0.230322,-0.345443,-0.485718,-0.645756,-0.319896,
-0.0839415,-0.182914,-0.230322,-0.307308,-0.410914,-0.537158,-0.681189,-0.33796,
-0.146244,-0.305126,-0.345443,-0.410914,-0.499023,-0.606385,-0.728873,-0.362269,
-0.222161,-0.454041,-0.485718,-0.537158,-0.606385,-0.690739,-0.786977,-0.39189,
-0.308773,-0.623937,-0.645756,-0.681189,-0.728873,-0.786977,-0.853267,-0.425685,
-0.152753,-0.308773,-0.319896,-0.33796,-0.362269,-0.39189,-0.425685,-0.212354,

FFT Full:
0.250488,0.49135,0.462842,0.416547,0.354244,0.278328,0.191715,0.0977357,
0.49135,0.963819,0.907897,0.817086,0.694874,0.545959,0.376063,0.191715,
0.462842,0.907897,0.85522,0.769678,0.654557,0.514282,0.354244,0.180592,
0.416547,0.817086,0.769678,0.692692,0.589086,0.462842,0.318811,0.162528,
0.354244,0.694874,0.654557,0.589086,0.500977,0.393615,0.271127,0.138219,
0.278328,0.545959,0.514282,0.462842,0.393615,0.309261,0.213023,0.108598,
0.191715,0.376063,0.354244,0.318811,0.271127,0.213023,0.146733,0.0748037,
0.0977357,0.191715,0.180592,0.162528,0.138219,0.108598,0.0748037,0.0381346,

