functionName, calculator,N,initTime, calcTime, calcHz, bytes, maxError, blankColumn, err1, err2, err3, Blank
rho is 0.0625
f: 
0,0,0,0,0,0,0,0,0,0,0,0,0,0,0,0,0,0,0,0,0,0,0,0,0,0,0,0,0,0,0,0,0,0,0,0,0,0,0,0,0,0,0,0,0,0,0,0,0,0,0,0,0,0,0,0,0,0,0,0,0,0,0,0,0,0,0,0,0,0,0,0,0,0,0,0,0,0,0,0,0,0,0,0,0,0,0,0,0,0,0,0,0,0,0,0,0,0,0,0,0,0,0,0,0,0,0,0,0,0,0,0,0,0,0,0,0,0,0,0,
0,4.85523e-07,1.94074e-06,4.36159e-06,7.74133e-06,1.20705e-05,1.73372e-05,2.35265e-05,3.06213e-05,3.86018e-05,4.74458e-05,5.71286e-05,6.76232e-05,7.89003e-05,9.09286e-05,0.000103675,0.000117103,0.000131175,0.000145853,0.000161096,0.000176861,0.000193103,0.000209779,0.000226841,0.000244242,0.000261933,0.000279865,0.000297988,0.000316251,0.000334605,0.000352996,0.000371375,0.00038969,0.000407889,0.000425923,0.000443741,0.000461293,0.00047853,0.000495405,0.00051187,0.000527879,0.000543388,0.000558354,0.000572734,0.000586489,0.000599581,0.000611972,0.000623629,0.000634519,0.000644611,0.000653877,0.000662293,0.000669833,0.000676477,0.000682207,0.000687007,0.000690863,0.000693764,0.000695703,0.000696673,0.000696673,0.000695703,0.000693764,0.000690863,0.000687007,0.000682207,0.000676477,0.000669833,0.000662293,0.000653877,0.000644611,0.000634519,0.000623629,0.000611972,0.000599581,0.000586489,0.000572734,0.000558354,0.000543388,0.000527879,0.00051187,0.000495405,0.00047853,0.000461293,0.000443741,0.000425923,0.000407889,0.00038969,0.000371375,0.000352996,0.000334605,0.000316251,0.000297988,0.000279865,0.000261933,0.000244242,0.000226841,0.000209779,0.000193103,0.000176861,0.000161096,0.000145853,0.000131175,0.000117103,0.000103675,9.09286e-05,7.89003e-05,6.76232e-05,5.71286e-05,4.74458e-05,3.86018e-05,3.06213e-05,2.35265e-05,1.73372e-05,1.20705e-05,7.74133e-06,4.36159e-06,1.94074e-06,4.85523e-07,0,
0,1.94074e-06,7.75755e-06,1.74342e-05,3.09438e-05,4.82485e-05,6.93003e-05,9.40404e-05,0.0001224,0.0001543,0.000189651,0.000228355,0.000270304,0.000315381,0.000363461,0.000414409,0.000468084,0.000524335,0.000583007,0.000643935,0.000706949,0.000771875,0.000838531,0.000906731,0.000976286,0.001047,0.00111868,0.00119112,0.00126412,0.00133749,0.001411,0.00148446,0.00155767,0.00163042,0.00170251,0.00177373,0.00184389,0.00191279,0.00198024,0.00204605,0.00211005,0.00217204,0.00223186,0.00228934,0.00234432,0.00239665,0.00244618,0.00249278,0.00253631,0.00257665,0.00261369,0.00264732,0.00267746,0.00270402,0.00272693,0.00274611,0.00276153,0.00277312,0.00278087,0.00278475,0.00278475,0.00278087,0.00277312,0.00276153,0.00274611,0.00272693,0.00270402,0.00267746,0.00264732,0.00261369,0.00257665,0.00253631,0.00249278,0.00244618,0.00239665,0.00234432,0.00228934,0.00223186,0.00217204,0.00211005,0.00204605,0.00198024,0.00191279,0.00184389,0.00177373,0.00170251,0.00163042,0.00155767,0.00148446,0.001411,0.00133749,0.00126412,0.00119112,0.00111868,0.001047,0.000976286,0.000906731,0.000838531,0.000771875,0.000706949,0.000643935,0.000583007,0.000524335,0.000468084,0.000414409,0.000363461,0.000315381,0.000270304,0.000228355,0.000189651,0.0001543,0.0001224,9.40404e-05,6.93003e-05,4.82485e-05,3.09438e-05,1.74342e-05,7.75755e-06,1.94074e-06,0,
0,4.36159e-06,1.74342e-05,3.91814e-05,6.95426e-05,0.000108433,0.000155745,0.000211345,0.00027508,0.000346771,0.000426219,0.000513202,0.000607478,0.000708784,0.000816838,0.000931338,0.00105197,0.00117838,0.00131024,0.00144717,0.00158879,0.0017347,0.0018845,0.00203778,0.00219409,0.00235302,0.0025141,0.00267691,0.00284098,0.00300585,0.00317106,0.00333617,0.00350069,0.00366419,0.00382619,0.00398625,0.00414393,0.00429877,0.00445036,0.00459827,0.00474209,0.00488141,0.00501585,0.00514503,0.0052686,0.0053862,0.00549752,0.00560224,0.00570006,0.00579072,0.00587397,0.00594956,0.0060173,0.00607699,0.00612846,0.00617158,0.00620622,0.00623228,0.0062497,0.00625842,0.00625842,0.0062497,0.00623228,0.00620622,0.00617158,0.00612846,0.00607699,0.0060173,0.00594956,0.00587397,0.00579072,0.00570006,0.00560224,0.00549752,0.0053862,0.0052686,0.00514503,0.00501585,0.00488141,0.00474209,0.00459827,0.00445036,0.00429877,0.00414393,0.00398625,0.00382619,0.00366419,0.00350069,0.00333617,0.00317106,0.00300585,0.00284098,0.00267691,0.0025141,0.00235302,0.00219409,0.00203778,0.0018845,0.0017347,0.00158879,0.00144717,0.00131024,0.00117838,0.00105197,0.000931338,0.000816838,0.000708784,0.000607478,0.000513202,0.000426219,0.000346771,0.00027508,0.000211345,0.000155745,0.000108433,6.95426e-05,3.91814e-05,1.74342e-05,4.36159e-06,0,
0,7.74133e-06,3.09438e-05,6.95426e-05,0.00012343,0.000192457,0.000276429,0.000375114,0.000488236,0.00061548,0.000756491,0.000910876,0.00107821,0.00125801,0.00144979,0.00165302,0.00186712,0.0020915,0.00232553,0.00256856,0.00281992,0.0030789,0.00334478,0.00361682,0.00389427,0.00417634,0.00446225,0.00475121,0.00504241,0.00533504,0.00562828,0.00592132,0.00621334,0.00650352,0.00679105,0.00707515,0.007355,0.00762984,0.00789889,0.00816142,0.00841667,0.00866395,0.00890257,0.00913186,0.00935117,0.00955991,0.00975748,0.00994334,0.010117,0.0102779,0.0104256,0.0105598,0.01068,0.010786,0.0108773,0.0109539,0.0110153,0.0110616,0.0110925,0.011108,0.011108,0.0110925,0.0110616,0.0110153,0.0109539,0.0108773,0.010786,0.01068,0.0105598,0.0104256,0.0102779,0.010117,0.00994334,0.00975748,0.00955991,0.00935117,0.00913186,0.00890257,0.00866395,0.00841667,0.00816142,0.00789889,0.00762984,0.007355,0.00707515,0.00679105,0.00650352,0.00621334,0.00592132,0.00562828,0.00533504,0.00504241,0.00475121,0.00446225,0.00417634,0.00389427,0.00361682,0.00334478,0.0030789,0.00281992,0.00256856,0.00232553,0.0020915,0.00186712,0.00165302,0.00144979,0.00125801,0.00107821,0.000910876,0.000756491,0.00061548,0.000488236,0.000375114,0.000276429,0.000192457,0.00012343,6.95426e-05,3.09438e-05,7.74133e-06,0,
0,1.20705e-05,4.82485e-05,0.000108433,0.000192457,0.000300085,0.000431018,0.00058489,0.000761274,0.000959677,0.00117955,0.00142027,0.00168117,0.00196153,0.00226057,0.00257744,0.00291128,0.00326113,0.00362605,0.00400499,0.00439691,0.00480072,0.0052153,0.00563947,0.00607207,0.00651189,0.00695769,0.00740825,0.0078623,0.00831857,0.00877581,0.00923272,0.00968804,0.0101405,0.0105888,0.0110318,0.0114682,0.0118967,0.0123162,0.0127256,0.0131236,0.0135091,0.0138812,0.0142387,0.0145807,0.0149061,0.0152142,0.015504,0.0157747,0.0160256,0.016256,0.0164652,0.0166527,0.0168178,0.0169603,0.0170796,0.0171755,0.0172476,0.0172958,0.0173199,0.0173199,0.0172958,0.0172476,0.0171755,0.0170796,0.0169603,0.0168178,0.0166527,0.0164652,0.016256,0.0160256,0.0157747,0.015504,0.0152142,0.0149061,0.0145807,0.0142387,0.0138812,0.0135091,0.0131236,0.0127256,0.0123162,0.0118967,0.0114682,0.0110318,0.0105888,0.0101405,0.00968804,0.00923272,0.00877581,0.00831857,0.0078623,0.00740825,0.00695769,0.00651189,0.00607207,0.00563947,0.0052153,0.00480072,0.00439691,0.00400499,0.00362605,0.00326113,0.00291128,0.00257744,0.00226057,0.00196153,0.00168117,0.00142027,0.00117955,0.000959677,0.000761274,0.00058489,0.000431018,0.000300085,0.000192457,0.000108433,4.82485e-05,1.20705e-05,0,
0,1.73372e-05,6.93003e-05,0.000155745,0.000276429,0.000431018,0.000619079,0.000840089,0.00109343,0.0013784,0.0016942,0.00203996,0.0024147,0.00281739,0.0032469,0.00370203,0.00418152,0.00468403,0.00520816,0.00575245,0.00631537,0.00689538,0.00749083,0.00810008,0.00872143,0.00935315,0.00999347,0.0106406,0.0112928,0.0119481,0.0126049,0.0132611,0.0139151,0.014565,0.015209,0.0158452,0.0164719,0.0170875,0.01769,0.018278,0.0188496,0.0194034,0.0199378,0.0204513,0.0209425,0.02141,0.0218524,0.0222687,0.0226575,0.0230179,0.0233488,0.0236493,0.0239185,0.0241558,0.0243604,0.0245318,0.0246695,0.0247731,0.0248423,0.024877,0.024877,0.0248423,0.0247731,0.0246695,0.0245318,0.0243604,0.0241558,0.0239185,0.0236493,0.0233488,0.0230179,0.0226575,0.0222687,0.0218524,0.02141,0.0209425,0.0204513,0.0199378,0.0194034,0.0188496,0.018278,0.01769,0.0170875,0.0164719,0.0158452,0.015209,0.014565,0.0139151,0.0132611,0.0126049,0.0119481,0.0112928,0.0106406,0.00999347,0.00935315,0.00872143,0.00810008,0.00749083,0.00689538,0.00631537,0.00575245,0.00520816,0.00468403,0.00418152,0.00370203,0.0032469,0.00281739,0.0024147,0.00203996,0.0016942,0.0013784,0.00109343,0.000840089,0.000619079,0.000431018,0.000276429,0.000155745,6.93003e-05,1.73372e-05,0,
0,2.35265e-05,9.40404e-05,0.000211345,0.000375114,0.00058489,0.000840089,0.00114,0.00148379,0.00187049,0.00229903,0.00276822,0.00327675,0.00382319,0.00440604,0.00502365,0.00567432,0.00635622,0.00706747,0.00780606,0.00856995,0.00935701,0.010165,0.0109918,0.011835,0.0126922,0.0135611,0.0144393,0.0153243,0.0162136,0.0171048,0.0179953,0.0188828,0.0197647,0.0206385,0.0215019,0.0223524,0.0231877,0.0240053,0.0248032,0.0255789,0.0263304,0.0270556,0.0277524,0.0284189,0.0290533,0.0296537,0.0302186,0.0307462,0.0312353,0.0316843,0.032092,0.0324574,0.0327794,0.033057,0.0332896,0.0334764,0.033617,0.033711,0.033758,0.033758,0.033711,0.033617,0.0334764,0.0332896,0.033057,0.0327794,0.0324574,0.032092,0.0316843,0.0312353,0.0307462,0.0302186,0.0296537,0.0290533,0.0284189,0.0277524,0.0270556,0.0263304,0.0255789,0.0248032,0.0240053,0.0231877,0.0223524,0.0215019,0.0206385,0.0197647,0.0188828,0.0179953,0.0171048,0.0162136,0.0153243,0.0144393,0.0135611,0.0126922,0.011835,0.0109918,0.010165,0.00935701,0.00856995,0.00780606,0.00706747,0.00635622,0.00567432,0.00502365,0.00440604,0.00382319,0.00327675,0.00276822,0.00229903,0.00187049,0.00148379,0.00114,0.000840089,0.00058489,0.000375114,0.000211345,9.40404e-05,2.35265e-05,0,
0,3.06213e-05,0.0001224,0.00027508,0.000488236,0.000761274,0.00109343,0.00148379,0.00193125,0.00243457,0.00299235,0.00360303,0.00426491,0.00497614,0.00573475,0.00653862,0.00738551,0.00827305,0.00919878,0.0101601,0.0111544,0.0121788,0.0132305,0.0143066,0.015404,0.0165198,0.0176507,0.0187937,0.0199456,0.0211031,0.022263,0.0234221,0.0245772,0.0257251,0.0268624,0.0279862,0.0290932,0.0301803,0.0312446,0.032283,0.0332927,0.0342708,0.0352147,0.0361216,0.0369891,0.0378148,0.0385963,0.0393315,0.0400183,0.0406548,0.0412392,0.0417699,0.0422455,0.0426646,0.0430259,0.0433286,0.0435718,0.0437548,0.0438771,0.0439383,0.0439383,0.0438771,0.0437548,0.0435718,0.0433286,0.0430259,0.0426646,0.0422455,0.0417699,0.0412392,0.0406548,0.0400183,0.0393315,0.0385963,0.0378148,0.0369891,0.0361216,0.0352147,0.0342708,0.0332927,0.032283,0.0312446,0.0301803,0.0290932,0.0279862,0.0268624,0.0257251,0.0245772,0.0234221,0.022263,0.0211031,0.0199456,0.0187937,0.0176507,0.0165198,0.015404,0.0143066,0.0132305,0.0121788,0.0111544,0.0101601,0.00919878,0.00827305,0.00738551,0.00653862,0.00573475,0.00497614,0.00426491,0.00360303,0.00299235,0.00243457,0.00193125,0.00148379,0.00109343,0.000761274,0.000488236,0.00027508,0.0001224,3.06213e-05,0,
0,3.86018e-05,0.0001543,0.000346771,0.00061548,0.000959677,0.0013784,0.00187049,0.00243457,0.00306906,0.00377221,0.00454204,0.00537642,0.00627302,0.00722934,0.00824271,0.00931031,0.0104292,0.0115962,0.012808,0.0140614,0.0153528,0.0166786,0.0180351,0.0194186,0.0208251,0.0222508,0.0236917,0.0251438,0.026603,0.0280652,0.0295264,0.0309825,0.0324295,0.0338633,0.0352799,0.0366754,0.0380459,0.0393875,0.0406965,0.0419694,0.0432024,0.0443923,0.0455356,0.0466292,0.0476701,0.0486552,0.049582,0.0504478,0.0512502,0.051987,0.052656,0.0532555,0.0537838,0.0542393,0.0546209,0.0549275,0.0551582,0.0553123,0.0553895,0.0553895,0.0553123,0.0551582,0.0549275,0.0546209,0.0542393,0.0537838,0.0532555,0.052656,0.051987,0.0512502,0.0504478,0.049582,0.0486552,0.0476701,0.0466292,0.0455356,0.0443923,0.0432024,0.0419694,0.0406965,0.0393875,0.0380459,0.0366754,0.0352799,0.0338633,0.0324295,0.0309825,0.0295264,0.0280652,0.026603,0.0251438,0.0236917,0.0222508,0.0208251,0.0194186,0.0180351,0.0166786,0.0153528,0.0140614,0.012808,0.0115962,0.0104292,0.00931031,0.00824271,0.00722934,0.00627302,0.00537642,0.00454204,0.00377221,0.00306906,0.00243457,0.00187049,0.0013784,0.000959677,0.00061548,0.000346771,0.0001543,3.86018e-05,0,
0,4.74458e-05,0.000189651,0.000426219,0.000756491,0.00117955,0.0016942,0.00229903,0.00299235,0.00377221,0.00463645,0.00558266,0.0066082,0.00771022,0.00888564,0.0101312,0.0114434,0.0128186,0.0142529,0.0157425,0.017283,0.0188702,0.0204998,0.0221671,0.0238675,0.0255963,0.0273487,0.0291197,0.0309044,0.0326979,0.0344951,0.0362911,0.0380809,0.0398593,0.0416216,0.0433628,0.045078,0.0467625,0.0484115,0.0500204,0.0515849,0.0531004,0.0545629,0.0559682,0.0573123,0.0585916,0.0598025,0.0609416,0.0620058,0.062992,0.0638976,0.0647199,0.0654567,0.066106,0.066666,0.067135,0.0675118,0.0677953,0.0679848,0.0680796,0.0680796,0.0679848,0.0677953,0.0675118,0.067135,0.066666,0.066106,0.0654567,0.0647199,0.0638976,0.062992,0.0620058,0.0609416,0.0598025,0.0585916,0.0573123,0.0559682,0.0545629,0.0531004,0.0515849,0.0500204,0.0484115,0.0467625,0.045078,0.0433628,0.0416216,0.0398593,0.0380809,0.0362911,0.0344951,0.0326979,0.0309044,0.0291197,0.0273487,0.0255963,0.0238675,0.0221671,0.0204998,0.0188702,0.017283,0.0157425,0.0142529,0.0128186,0.0114434,0.0101312,0.00888564,0.00771022,0.0066082,0.00558266,0.00463645,0.00377221,0.00299235,0.00229903,0.0016942,0.00117955,0.000756491,0.000426219,0.000189651,4.74458e-05,0,
0,5.71286e-05,0.000228355,0.000513202,0.000910876,0.00142027,0.00203996,0.00276822,0.00360303,0.00454204,0.00558266,0.00672197,0.00795681,0.00928372,0.010699,0.0121988,0.0137787,0.0154346,0.0171617,0.0189552,0.0208101,0.0227213,0.0246834,0.026691,0.0287384,0.03082,0.03293,0.0350624,0.0372114,0.0393709,0.0415349,0.0436974,0.0458524,0.0479939,0.0501158,0.0522123,0.0542776,0.0563058,0.0582913,0.0602286,0.0621124,0.0639372,0.0656981,0.0673902,0.0690087,0.0705491,0.0720071,0.0733787,0.07466,0.0758475,0.0769378,0.077928,0.0788152,0.079597,0.0802712,0.080836,0.0812896,0.081631,0.0818591,0.0819734,0.0819734,0.0818591,0.081631,0.0812896,0.080836,0.0802712,0.079597,0.0788152,0.077928,0.0769378,0.0758475,0.07466,0.0733787,0.0720071,0.0705491,0.0690087,0.0673902,0.0656981,0.0639372,0.0621124,0.0602286,0.0582913,0.0563058,0.0542776,0.0522123,0.0501158,0.0479939,0.0458524,0.0436974,0.0415349,0.0393709,0.0372114,0.0350624,0.03293,0.03082,0.0287384,0.026691,0.0246834,0.0227213,0.0208101,0.0189552,0.0171617,0.0154346,0.0137787,0.0121988,0.010699,0.00928372,0.00795681,0.00672197,0.00558266,0.00454204,0.00360303,0.00276822,0.00203996,0.00142027,0.000910876,0.000513202,0.000228355,5.71286e-05,0,
0,6.76232e-05,0.000270304,0.000607478,0.00107821,0.00168117,0.0024147,0.00327675,0.00426491,0.00537642,0.0066082,0.00795681,0.00941849,0.0109892,0.0126644,0.0144397,0.0163099,0.0182699,0.0203143,0.0224373,0.024633,0.0268952,0.0292178,0.0315942,0.0340177,0.0364817,0.0389793,0.0415034,0.0440472,0.0466034,0.0491649,0.0517247,0.0542756,0.0568104,0.0593221,0.0618038,0.0642484,0.0666492,0.0689995,0.0712927,0.0735225,0.0756826,0.077767,0.0797698,0.0816856,0.083509,0.0852349,0.0868584,0.0883751,0.0897808,0.0910714,0.0922435,0.0932937,0.0942191,0.0950171,0.0956856,0.0962227,0.0966268,0.0968968,0.097032,0.097032,0.0968968,0.0966268,0.0962227,0.0956856,0.0950171,0.0942191,0.0932937,0.0922435,0.0910714,0.0897808,0.0883751,0.0868584,0.0852349,0.083509,0.0816856,0.0797698,0.077767,0.0756826,0.0735225,0.0712927,0.0689995,0.0666492,0.0642484,0.0618038,0.0593221,0.0568104,0.0542756,0.0517247,0.0491649,0.0466034,0.0440472,0.0415034,0.0389793,0.0364817,0.0340177,0.0315942,0.0292178,0.0268952,0.024633,0.0224373,0.0203143,0.0182699,0.0163099,0.0144397,0.0126644,0.0109892,0.00941849,0.00795681,0.0066082,0.00537642,0.00426491,0.00327675,0.0024147,0.00168117,0.00107821,0.000607478,0.000270304,6.76232e-05,0,
0,7.89003e-05,0.000315381,0.000708784,0.00125801,0.00196153,0.00281739,0.00382319,0.00497614,0.00627302,0.00771022,0.00928372,0.0109892,0.0128218,0.0147764,0.0168477,0.0190298,0.0213167,0.023702,0.026179,0.0287409,0.0313804,0.0340903,0.036863,0.0396907,0.0425656,0.0454796,0.0484248,0.0513927,0.0543752,0.0573639,0.0603506,0.0633268,0.0662844,0.069215,0.0721105,0.0749628,0.077764,0.0805062,0.0831818,0.0857834,0.0883037,0.0907357,0.0930726,0.0953079,0.0974354,0.099449,0.101343,0.103113,0.104753,0.106259,0.107626,0.108852,0.109932,0.110863,0.111643,0.112269,0.112741,0.113056,0.113213,0.113213,0.113056,0.112741,0.112269,0.111643,0.110863,0.109932,0.108852,0.107626,0.106259,0.104753,0.103113,0.101343,0.099449,0.0974354,0.0953079,0.0930726,0.0907357,0.0883037,0.0857834,0.0831818,0.0805062,0.077764,0.0749628,0.0721105,0.069215,0.0662844,0.0633268,0.0603506,0.0573639,0.0543752,0.0513927,0.0484248,0.0454796,0.0425656,0.0396907,0.036863,0.0340903,0.0313804,0.0287409,0.026179,0.023702,0.0213167,0.0190298,0.0168477,0.0147764,0.0128218,0.0109892,0.00928372,0.00771022,0.00627302,0.00497614,0.00382319,0.00281739,0.00196153,0.00125801,0.000708784,0.000315381,7.89003e-05,0,
0,9.09286e-05,0.000363461,0.000816838,0.00144979,0.00226057,0.0032469,0.00440604,0.00573475,0.00722934,0.00888564,0.010699,0.0126644,0.0147764,0.0170291,0.0194161,0.0219309,0.0245665,0.0273154,0.03017,0.0331224,0.0361643,0.0392873,0.0424827,0.0457415,0.0490547,0.052413,0.0558071,0.0592275,0.0626646,0.066109,0.069551,0.072981,0.0763894,0.0797668,0.0831037,0.0863908,0.089619,0.0927793,0.0958628,0.0988611,0.101766,0.104568,0.107261,0.109838,0.112289,0.11461,0.116793,0.118832,0.120723,0.122458,0.124034,0.125446,0.12669,0.127764,0.128662,0.129385,0.129928,0.130291,0.130473,0.130473,0.130291,0.129928,0.129385,0.128662,0.127764,0.12669,0.125446,0.124034,0.122458,0.120723,0.118832,0.116793,0.11461,0.112289,0.109838,0.107261,0.104568,0.101766,0.0988611,0.0958628,0.0927793,0.089619,0.0863908,0.0831037,0.0797668,0.0763894,0.072981,0.069551,0.066109,0.0626646,0.0592275,0.0558071,0.052413,0.0490547,0.0457415,0.0424827,0.0392873,0.0361643,0.0331224,0.03017,0.0273154,0.0245665,0.0219309,0.0194161,0.0170291,0.0147764,0.0126644,0.010699,0.00888564,0.00722934,0.00573475,0.00440604,0.0032469,0.00226057,0.00144979,0.000816838,0.000363461,9.09286e-05,0,
0,0.000103675,0.000414409,0.000931338,0.00165302,0.00257744,0.00370203,0.00502365,0.00653862,0.00824271,0.0101312,0.0121988,0.0144397,0.0168477,0.0194161,0.0221378,0.0250051,0.0280101,0.0311443,0.0343991,0.0377653,0.0412337,0.0447944,0.0484377,0.0521533,0.0559309,0.05976,0.0636298,0.0675297,0.0714486,0.0753758,0.0793003,0.0832111,0.0870973,0.0909481,0.0947527,0.0985006,0.102181,0.105785,0.1093,0.112719,0.116031,0.119226,0.122297,0.125234,0.128029,0.130675,0.133165,0.13549,0.137645,0.139624,0.14142,0.143031,0.144449,0.145673,0.146698,0.147521,0.148141,0.148555,0.148762,0.148762,0.148555,0.148141,0.147521,0.146698,0.145673,0.144449,0.143031,0.14142,0.139624,0.137645,0.13549,0.133165,0.130675,0.128029,0.125234,0.122297,0.119226,0.116031,0.112719,0.1093,0.105785,0.102181,0.0985006,0.0947527,0.0909481,0.0870973,0.0832111,0.0793003,0.0753758,0.0714486,0.0675297,0.0636298,0.05976,0.0559309,0.0521533,0.0484377,0.0447944,0.0412337,0.0377653,0.0343991,0.0311443,0.0280101,0.0250051,0.0221378,0.0194161,0.0168477,0.0144397,0.0121988,0.0101312,0.00824271,0.00653862,0.00502365,0.00370203,0.00257744,0.00165302,0.000931338,0.000414409,0.000103675,0,
0,0.000117103,0.000468084,0.00105197,0.00186712,0.00291128,0.00418152,0.00567432,0.00738551,0.00931031,0.0114434,0.0137787,0.0163099,0.0190298,0.0219309,0.0250051,0.0282438,0.0316379,0.0351781,0.0388545,0.0426567,0.0465743,0.0505962,0.0547114,0.0589082,0.0631751,0.0675001,0.0718712,0.0762762,0.0807027,0.0851386,0.0895713,0.0939886,0.0983782,0.102728,0.107025,0.111258,0.115416,0.119486,0.123457,0.127318,0.131059,0.134668,0.138137,0.141454,0.144612,0.147601,0.150412,0.153039,0.155473,0.157708,0.159737,0.161556,0.163158,0.16454,0.165698,0.166628,0.167328,0.167795,0.16803,0.16803,0.167795,0.167328,0.166628,0.165698,0.16454,0.163158,0.161556,0.159737,0.157708,0.155473,0.153039,0.150412,0.147601,0.144612,0.141454,0.138137,0.134668,0.131059,0.127318,0.123457,0.119486,0.115416,0.111258,0.107025,0.102728,0.0983782,0.0939886,0.0895713,0.0851386,0.0807027,0.0762762,0.0718712,0.0675001,0.0631751,0.0589082,0.0547114,0.0505962,0.0465743,0.0426567,0.0388545,0.0351781,0.0316379,0.0282438,0.0250051,0.0219309,0.0190298,0.0163099,0.0137787,0.0114434,0.00931031,0.00738551,0.00567432,0.00418152,0.00291128,0.00186712,0.00105197,0.000468084,0.000117103,0,
0,0.000131175,0.000524335,0.00117838,0.0020915,0.00326113,0.00468403,0.00635622,0.00827305,0.0104292,0.0128186,0.0154346,0.0182699,0.0213167,0.0245665,0.0280101,0.0316379,0.03544,0.0394056,0.0435237,0.0477829,0.0521713,0.0566766,0.0612863,0.0659875,0.0707671,0.0756119,0.0805082,0.0854426,0.0904011,0.09537,0.100335,0.105284,0.110201,0.115073,0.119887,0.124629,0.129286,0.133845,0.138293,0.142619,0.146809,0.150852,0.154737,0.158454,0.16199,0.165338,0.168488,0.17143,0.174156,0.17666,0.178934,0.180971,0.182766,0.184314,0.185611,0.186652,0.187436,0.18796,0.188222,0.188222,0.18796,0.187436,0.186652,0.185611,0.184314,0.182766,0.180971,0.178934,0.17666,0.174156,0.17143,0.168488,0.165338,0.16199,0.158454,0.154737,0.150852,0.146809,0.142619,0.138293,0.133845,0.129286,0.124629,0.119887,0.115073,0.110201,0.105284,0.100335,0.09537,0.0904011,0.0854426,0.0805082,0.0756119,0.0707671,0.0659875,0.0612863,0.0566766,0.0521713,0.0477829,0.0435237,0.0394056,0.03544,0.0316379,0.0280101,0.0245665,0.0213167,0.0182699,0.0154346,0.0128186,0.0104292,0.00827305,0.00635622,0.00468403,0.00326113,0.0020915,0.00117838,0.000524335,0.000131175,0,
0,0.000145853,0.000583007,0.00131024,0.00232553,0.00362605,0.00520816,0.00706747,0.00919878,0.0115962,0.0142529,0.0171617,0.0203143,0.023702,0.0273154,0.0311443,0.0351781,0.0394056,0.043815,0.0483939,0.0531297,0.0580091,0.0630185,0.068144,0.0733713,0.0786857,0.0840726,0.0895169,0.0950033,0.100517,0.106042,0.111563,0.117064,0.122532,0.127949,0.133302,0.138574,0.143753,0.148822,0.153768,0.158577,0.163236,0.167732,0.172052,0.176184,0.180117,0.183839,0.187341,0.190612,0.193644,0.196428,0.198956,0.201221,0.203217,0.204938,0.20638,0.207538,0.20841,0.208992,0.209284,0.209284,0.208992,0.20841,0.207538,0.20638,0.204938,0.203217,0.201221,0.198956,0.196428,0.193644,0.190612,0.187341,0.183839,0.180117,0.176184,0.172052,0.167732,0.163236,0.158577,0.153768,0.148822,0.143753,0.138574,0.133302,0.127949,0.122532,0.117064,0.111563,0.106042,0.100517,0.0950033,0.0895169,0.0840726,0.0786857,0.0733713,0.068144,0.0630185,0.0580091,0.0531297,0.0483939,0.043815,0.0394056,0.0351781,0.0311443,0.0273154,0.023702,0.0203143,0.0171617,0.0142529,0.0115962,0.00919878,0.00706747,0.00520816,0.00362605,0.00232553,0.00131024,0.000583007,0.000145853,0,
0,0.000161096,0.000643935,0.00144717,0.00256856,0.00400499,0.00575245,0.00780606,0.0101601,0.012808,0.0157425,0.0189552,0.0224373,0.026179,0.03017,0.0343991,0.0388545,0.0435237,0.0483939,0.0534514,0.0586821,0.0640714,0.0696044,0.0752655,0.081039,0.0869089,0.0928587,0.098872,0.104932,0.111021,0.117124,0.123222,0.129299,0.135337,0.141321,0.147233,0.153056,0.158776,0.164375,0.169838,0.17515,0.180295,0.185261,0.190032,0.194596,0.19894,0.203052,0.206919,0.210532,0.213881,0.216956,0.219748,0.22225,0.224454,0.226355,0.227948,0.229227,0.23019,0.230833,0.231155,0.231155,0.230833,0.23019,0.229227,0.227948,0.226355,0.224454,0.22225,0.219748,0.216956,0.213881,0.210532,0.206919,0.203052,0.19894,0.194596,0.190032,0.185261,0.180295,0.17515,0.169838,0.164375,0.158776,0.153056,0.147233,0.141321,0.135337,0.129299,0.123222,0.117124,0.111021,0.104932,0.098872,0.0928587,0.0869089,0.081039,0.0752655,0.0696044,0.0640714,0.0586821,0.0534514,0.0483939,0.0435237,0.0388545,0.0343991,0.03017,0.026179,0.0224373,0.0189552,0.0157425,0.012808,0.0101601,0.00780606,0.00575245,0.00400499,0.00256856,0.00144717,0.000643935,0.000161096,0,
0,0.000176861,0.000706949,0.00158879,0.00281992,0.00439691,0.00631537,0.00856995,0.0111544,0.0140614,0.017283,0.0208101,0.024633,0.0287409,0.0331224,0.0377653,0.0426567,0.0477829,0.0531297,0.0586821,0.0644247,0.0703414,0.0764158,0.0826309,0.0889694,0.0954137,0.101946,0.108547,0.1152,0.121886,0.128585,0.13528,0.141952,0.148581,0.15515,0.161641,0.168034,0.174313,0.18046,0.186458,0.19229,0.197939,0.20339,0.208629,0.213639,0.218408,0.222922,0.227168,0.231135,0.234811,0.238187,0.241252,0.243999,0.246419,0.248506,0.250255,0.251659,0.252716,0.253422,0.253776,0.253776,0.253422,0.252716,0.251659,0.250255,0.248506,0.246419,0.243999,0.241252,0.238187,0.234811,0.231135,0.227168,0.222922,0.218408,0.213639,0.208629,0.20339,0.197939,0.19229,0.186458,0.18046,0.174313,0.168034,0.161641,0.15515,0.148581,0.141952,0.13528,0.128585,0.121886,0.1152,0.108547,0.101946,0.0954137,0.0889694,0.0826309,0.0764158,0.0703414,0.0644247,0.0586821,0.0531297,0.0477829,0.0426567,0.0377653,0.0331224,0.0287409,0.024633,0.0208101,0.017283,0.0140614,0.0111544,0.00856995,0.00631537,0.00439691,0.00281992,0.00158879,0.000706949,0.000176861,0,
0,0.000193103,0.000771875,0.0017347,0.0030789,0.00480072,0.00689538,0.00935701,0.0121788,0.0153528,0.0188702,0.0227213,0.0268952,0.0313804,0.0361643,0.0412337,0.0465743,0.0521713,0.0580091,0.0640714,0.0703414,0.0768015,0.0834337,0.0902197,0.0971403,0.104176,0.111308,0.118516,0.12578,0.13308,0.140394,0.147704,0.154988,0.162227,0.169399,0.176486,0.183466,0.190322,0.197034,0.203582,0.209949,0.216118,0.22207,0.227789,0.23326,0.238467,0.243395,0.248031,0.252362,0.256376,0.260062,0.263409,0.266407,0.26905,0.271329,0.273238,0.274771,0.275925,0.276696,0.277083,0.277083,0.276696,0.275925,0.274771,0.273238,0.271329,0.26905,0.266407,0.263409,0.260062,0.256376,0.252362,0.248031,0.243395,0.238467,0.23326,0.227789,0.22207,0.216118,0.209949,0.203582,0.197034,0.190322,0.183466,0.176486,0.169399,0.162227,0.154988,0.147704,0.140394,0.13308,0.12578,0.118516,0.111308,0.104176,0.0971403,0.0902197,0.0834337,0.0768015,0.0703414,0.0640714,0.0580091,0.0521713,0.0465743,0.0412337,0.0361643,0.0313804,0.0268952,0.0227213,0.0188702,0.0153528,0.0121788,0.00935701,0.00689538,0.00480072,0.0030789,0.0017347,0.000771875,0.000193103,0,
0,0.000209779,0.000838531,0.0018845,0.00334478,0.0052153,0.00749083,0.010165,0.0132305,0.0166786,0.0204998,0.0246834,0.0292178,0.0340903,0.0392873,0.0447944,0.0505962,0.0566766,0.0630185,0.0696044,0.0764158,0.0834337,0.0906387,0.0980107,0.105529,0.113173,0.120921,0.128751,0.136642,0.144572,0.152518,0.160459,0.168372,0.176236,0.184028,0.191726,0.19931,0.206758,0.214049,0.221163,0.22808,0.234781,0.241247,0.24746,0.253403,0.25906,0.264414,0.26945,0.274155,0.278516,0.282519,0.286155,0.289413,0.292284,0.29476,0.296834,0.2985,0.299753,0.300591,0.30101,0.30101,0.300591,0.299753,0.2985,0.296834,0.29476,0.292284,0.289413,0.286155,0.282519,0.278516,0.274155,0.26945,0.264414,0.25906,0.253403,0.24746,0.241247,0.234781,0.22808,0.221163,0.214049,0.206758,0.19931,0.191726,0.184028,0.176236,0.168372,0.160459,0.152518,0.144572,0.136642,0.128751,0.120921,0.113173,0.105529,0.0980107,0.0906387,0.0834337,0.0764158,0.0696044,0.0630185,0.0566766,0.0505962,0.0447944,0.0392873,0.0340903,0.0292178,0.0246834,0.0204998,0.0166786,0.0132305,0.010165,0.00749083,0.0052153,0.00334478,0.0018845,0.000838531,0.000209779,0,
0,0.000226841,0.000906731,0.00203778,0.00361682,0.00563947,0.00810008,0.0109918,0.0143066,0.0180351,0.0221671,0.026691,0.0315942,0.036863,0.0424827,0.0484377,0.0547114,0.0612863,0.068144,0.0752655,0.0826309,0.0902197,0.0980107,0.105982,0.114112,0.122377,0.130755,0.139223,0.147756,0.15633,0.164923,0.17351,0.182067,0.19057,0.198995,0.20732,0.21552,0.223574,0.231458,0.23915,0.24663,0.253876,0.260868,0.267587,0.274013,0.28013,0.285919,0.291365,0.296453,0.301168,0.305498,0.309429,0.312952,0.316056,0.318734,0.320976,0.322777,0.324133,0.325039,0.325492,0.325492,0.325039,0.324133,0.322777,0.320976,0.318734,0.316056,0.312952,0.309429,0.305498,0.301168,0.296453,0.291365,0.285919,0.28013,0.274013,0.267587,0.260868,0.253876,0.24663,0.23915,0.231458,0.223574,0.21552,0.20732,0.198995,0.19057,0.182067,0.17351,0.164923,0.15633,0.147756,0.139223,0.130755,0.122377,0.114112,0.105982,0.0980107,0.0902197,0.0826309,0.0752655,0.068144,0.0612863,0.0547114,0.0484377,0.0424827,0.036863,0.0315942,0.026691,0.0221671,0.0180351,0.0143066,0.0109918,0.00810008,0.00563947,0.00361682,0.00203778,0.000906731,0.000226841,0,
0,0.000244242,0.000976286,0.00219409,0.00389427,0.00607207,0.00872143,0.011835,0.015404,0.0194186,0.0238675,0.0287384,0.0340177,0.0396907,0.0457415,0.0521533,0.0589082,0.0659875,0.0733713,0.081039,0.0889694,0.0971403,0.105529,0.114112,0.122865,0.131765,0.140786,0.149902,0.15909,0.168322,0.177574,0.18682,0.196033,0.205188,0.21426,0.223223,0.232053,0.240724,0.249213,0.257495,0.265549,0.273351,0.280879,0.288113,0.295033,0.301618,0.307852,0.313716,0.319194,0.324271,0.328932,0.333165,0.336958,0.340301,0.343183,0.345598,0.347537,0.348997,0.349972,0.350461,0.350461,0.349972,0.348997,0.347537,0.345598,0.343183,0.340301,0.336958,0.333165,0.328932,0.324271,0.319194,0.313716,0.307852,0.301618,0.295033,0.288113,0.280879,0.273351,0.265549,0.257495,0.249213,0.240724,0.232053,0.223223,0.21426,0.205188,0.196033,0.18682,0.177574,0.168322,0.15909,0.149902,0.140786,0.131765,0.122865,0.114112,0.105529,0.0971403,0.0889694,0.081039,0.0733713,0.0659875,0.0589082,0.0521533,0.0457415,0.0396907,0.0340177,0.0287384,0.0238675,0.0194186,0.015404,0.011835,0.00872143,0.00607207,0.00389427,0.00219409,0.000976286,0.000244242,0,
0,0.000261933,0.001047,0.00235302,0.00417634,0.00651189,0.00935315,0.0126922,0.0165198,0.0208251,0.0255963,0.03082,0.0364817,0.0425656,0.0490547,0.0559309,0.0631751,0.0707671,0.0786857,0.0869089,0.0954137,0.104176,0.113173,0.122377,0.131765,0.141309,0.150983,0.16076,0.170613,0.180514,0.190436,0.200351,0.210232,0.22005,0.229779,0.239392,0.248861,0.25816,0.267264,0.276146,0.284783,0.29315,0.301224,0.308982,0.316403,0.323465,0.33015,0.336439,0.342314,0.347758,0.352757,0.357297,0.361365,0.36495,0.368041,0.37063,0.37271,0.374276,0.375322,0.375845,0.375845,0.375322,0.374276,0.37271,0.37063,0.368041,0.36495,0.361365,0.357297,0.352757,0.347758,0.342314,0.336439,0.33015,0.323465,0.316403,0.308982,0.301224,0.29315,0.284783,0.276146,0.267264,0.25816,0.248861,0.239392,0.229779,0.22005,0.210232,0.200351,0.190436,0.180514,0.170613,0.16076,0.150983,0.141309,0.131765,0.122377,0.113173,0.104176,0.0954137,0.0869089,0.0786857,0.0707671,0.0631751,0.0559309,0.0490547,0.0425656,0.0364817,0.03082,0.0255963,0.0208251,0.0165198,0.0126922,0.00935315,0.00651189,0.00417634,0.00235302,0.001047,0.000261933,0,
0,0.000279865,0.00111868,0.0025141,0.00446225,0.00695769,0.00999347,0.0135611,0.0176507,0.0222508,0.0273487,0.03293,0.0389793,0.0454796,0.052413,0.05976,0.0675001,0.0756119,0.0840726,0.0928587,0.101946,0.111308,0.120921,0.130755,0.140786,0.150983,0.161319,0.171766,0.182293,0.192872,0.203474,0.214068,0.224625,0.235115,0.24551,0.255781,0.265898,0.275834,0.285561,0.295052,0.30428,0.313219,0.321846,0.330135,0.338064,0.34561,0.352752,0.359472,0.365749,0.371566,0.376907,0.381758,0.386104,0.389934,0.393237,0.396004,0.398226,0.399899,0.401016,0.401576,0.401576,0.401016,0.399899,0.398226,0.396004,0.393237,0.389934,0.386104,0.381758,0.376907,0.371566,0.365749,0.359472,0.352752,0.34561,0.338064,0.330135,0.321846,0.313219,0.30428,0.295052,0.285561,0.275834,0.265898,0.255781,0.24551,0.235115,0.224625,0.214068,0.203474,0.192872,0.182293,0.171766,0.161319,0.150983,0.140786,0.130755,0.120921,0.111308,0.101946,0.0928587,0.0840726,0.0756119,0.0675001,0.05976,0.052413,0.0454796,0.0389793,0.03293,0.0273487,0.0222508,0.0176507,0.0135611,0.00999347,0.00695769,0.00446225,0.0025141,0.00111868,0.000279865,0,
0,0.000297988,0.00119112,0.00267691,0.00475121,0.00740825,0.0106406,0.0144393,0.0187937,0.0236917,0.0291197,0.0350624,0.0415034,0.0484248,0.0558071,0.0636298,0.0718712,0.0805082,0.0895169,0.098872,0.108547,0.118516,0.128751,0.139223,0.149902,0.16076,0.171766,0.182889,0.194098,0.205362,0.21665,0.22793,0.23917,0.25034,0.261409,0.272344,0.283117,0.293696,0.304053,0.314158,0.323984,0.333502,0.342687,0.351513,0.359955,0.36799,0.375595,0.38275,0.389433,0.395627,0.401315,0.406479,0.411107,0.415185,0.418702,0.421648,0.424014,0.425795,0.426985,0.42758,0.42758,0.426985,0.425795,0.424014,0.421648,0.418702,0.415185,0.411107,0.406479,0.401315,0.395627,0.389433,0.38275,0.375595,0.36799,0.359955,0.351513,0.342687,0.333502,0.323984,0.314158,0.304053,0.293696,0.283117,0.272344,0.261409,0.25034,0.23917,0.22793,0.21665,0.205362,0.194098,0.182889,0.171766,0.16076,0.149902,0.139223,0.128751,0.118516,0.108547,0.098872,0.0895169,0.0805082,0.0718712,0.0636298,0.0558071,0.0484248,0.0415034,0.0350624,0.0291197,0.0236917,0.0187937,0.0144393,0.0106406,0.00740825,0.00475121,0.00267691,0.00119112,0.000297988,0,
0,0.000316251,0.00126412,0.00284098,0.00504241,0.0078623,0.0112928,0.0153243,0.0199456,0.0251438,0.0309044,0.0372114,0.0440472,0.0513927,0.0592275,0.0675297,0.0762762,0.0854426,0.0950033,0.104932,0.1152,0.12578,0.136642,0.147756,0.15909,0.170613,0.182293,0.194098,0.205994,0.217949,0.229928,0.2419,0.253829,0.265684,0.27743,0.289036,0.300469,0.311697,0.322688,0.333413,0.343841,0.353943,0.363691,0.373057,0.382017,0.390544,0.398616,0.406208,0.413301,0.419875,0.425911,0.431392,0.436304,0.440632,0.444364,0.44749,0.450002,0.451892,0.453154,0.453787,0.453787,0.453154,0.451892,0.450002,0.44749,0.444364,0.440632,0.436304,0.431392,0.425911,0.419875,0.413301,0.406208,0.398616,0.390544,0.382017,0.373057,0.363691,0.353943,0.343841,0.333413,0.322688,0.311697,0.300469,0.289036,0.27743,0.265684,0.253829,0.2419,0.229928,0.217949,0.205994,0.194098,0.182293,0.170613,0.15909,0.147756,0.136642,0.12578,0.1152,0.104932,0.0950033,0.0854426,0.0762762,0.0675297,0.0592275,0.0513927,0.0440472,0.0372114,0.0309044,0.0251438,0.0199456,0.0153243,0.0112928,0.0078623,0.00504241,0.00284098,0.00126412,0.000316251,0,
0,0.000334605,0.00133749,0.00300585,0.00533504,0.00831857,0.0119481,0.0162136,0.0211031,0.026603,0.0326979,0.0393709,0.0466034,0.0543752,0.0626646,0.0714486,0.0807027,0.0904011,0.100517,0.111021,0.121886,0.13308,0.144572,0.15633,0.168322,0.180514,0.192872,0.205362,0.217949,0.230597,0.243272,0.255938,0.26856,0.281102,0.29353,0.30581,0.317906,0.329785,0.341415,0.352762,0.363795,0.374483,0.384797,0.394707,0.404187,0.413209,0.421749,0.429782,0.437287,0.444242,0.450628,0.456428,0.461624,0.466203,0.470152,0.47346,0.476117,0.478116,0.479453,0.480122,0.480122,0.479453,0.478116,0.476117,0.47346,0.470152,0.466203,0.461624,0.456428,0.450628,0.444242,0.437287,0.429782,0.421749,0.413209,0.404187,0.394707,0.384797,0.374483,0.363795,0.352762,0.341415,0.329785,0.317906,0.30581,0.29353,0.281102,0.26856,0.255938,0.243272,0.230597,0.217949,0.205362,0.192872,0.180514,0.168322,0.15633,0.144572,0.13308,0.121886,0.111021,0.100517,0.0904011,0.0807027,0.0714486,0.0626646,0.0543752,0.0466034,0.0393709,0.0326979,0.026603,0.0211031,0.0162136,0.0119481,0.00831857,0.00533504,0.00300585,0.00133749,0.000334605,0,
0,0.000352996,0.001411,0.00317106,0.00562828,0.00877581,0.0126049,0.0171048,0.022263,0.0280652,0.0344951,0.0415349,0.0491649,0.0573639,0.066109,0.0753758,0.0851386,0.09537,0.106042,0.117124,0.128585,0.140394,0.152518,0.164923,0.177574,0.190436,0.203474,0.21665,0.229928,0.243272,0.256643,0.270006,0.283321,0.296553,0.309664,0.322619,0.33538,0.347912,0.360181,0.372151,0.383791,0.395067,0.405947,0.416402,0.426403,0.435921,0.44493,0.453405,0.461322,0.46866,0.475397,0.481515,0.486997,0.491828,0.495994,0.499484,0.502287,0.504396,0.505806,0.506512,0.506512,0.505806,0.504396,0.502287,0.499484,0.495994,0.491828,0.486997,0.481515,0.475397,0.46866,0.461322,0.453405,0.44493,0.435921,0.426403,0.416402,0.405947,0.395067,0.383791,0.372151,0.360181,0.347912,0.33538,0.322619,0.309664,0.296553,0.283321,0.270006,0.256643,0.243272,0.229928,0.21665,0.203474,0.190436,0.177574,0.164923,0.152518,0.140394,0.128585,0.117124,0.106042,0.09537,0.0851386,0.0753758,0.066109,0.0573639,0.0491649,0.0415349,0.0344951,0.0280652,0.022263,0.0171048,0.0126049,0.00877581,0.00562828,0.00317106,0.001411,0.000352996,0,
0,0.000371375,0.00148446,0.00333617,0.00592132,0.00923272,0.0132611,0.0179953,0.0234221,0.0295264,0.0362911,0.0436974,0.0517247,0.0603506,0.069551,0.0793003,0.0895713,0.100335,0.111563,0.123222,0.13528,0.147704,0.160459,0.17351,0.18682,0.200351,0.214068,0.22793,0.2419,0.255938,0.270006,0.284063,0.298072,0.311993,0.325787,0.339416,0.352841,0.366026,0.378934,0.391527,0.403773,0.415636,0.427083,0.438082,0.448604,0.458617,0.468095,0.477012,0.485341,0.493061,0.500149,0.506585,0.512353,0.517435,0.521818,0.525489,0.528439,0.530658,0.532141,0.532883,0.532883,0.532141,0.530658,0.528439,0.525489,0.521818,0.517435,0.512353,0.506585,0.500149,0.493061,0.485341,0.477012,0.468095,0.458617,0.448604,0.438082,0.427083,0.415636,0.403773,0.391527,0.378934,0.366026,0.352841,0.339416,0.325787,0.311993,0.298072,0.284063,0.270006,0.255938,0.2419,0.22793,0.214068,0.200351,0.18682,0.17351,0.160459,0.147704,0.13528,0.123222,0.111563,0.100335,0.0895713,0.0793003,0.069551,0.0603506,0.0517247,0.0436974,0.0362911,0.0295264,0.0234221,0.0179953,0.0132611,0.00923272,0.00592132,0.00333617,0.00148446,0.000371375,0,
0,0.00038969,0.00155767,0.00350069,0.00621334,0.00968804,0.0139151,0.0188828,0.0245772,0.0309825,0.0380809,0.0458524,0.0542756,0.0633268,0.072981,0.0832111,0.0939886,0.105284,0.117064,0.129299,0.141952,0.154988,0.168372,0.182067,0.196033,0.210232,0.224625,0.23917,0.253829,0.26856,0.283321,0.298072,0.312772,0.327379,0.341854,0.356155,0.370242,0.384077,0.397621,0.410836,0.423685,0.436133,0.448145,0.459687,0.470727,0.481234,0.49118,0.500536,0.509276,0.517376,0.524814,0.531568,0.53762,0.542953,0.547552,0.551404,0.554499,0.556828,0.558384,0.559163,0.559163,0.558384,0.556828,0.554499,0.551404,0.547552,0.542953,0.53762,0.531568,0.524814,0.517376,0.509276,0.500536,0.49118,0.481234,0.470727,0.459687,0.448145,0.436133,0.423685,0.410836,0.397621,0.384077,0.370242,0.356155,0.341854,0.327379,0.312772,0.298072,0.283321,0.26856,0.253829,0.23917,0.224625,0.210232,0.196033,0.182067,0.168372,0.154988,0.141952,0.129299,0.117064,0.105284,0.0939886,0.0832111,0.072981,0.0633268,0.0542756,0.0458524,0.0380809,0.0309825,0.0245772,0.0188828,0.0139151,0.00968804,0.00621334,0.00350069,0.00155767,0.00038969,0,
0,0.000407889,0.00163042,0.00366419,0.00650352,0.0101405,0.014565,0.0197647,0.0257251,0.0324295,0.0398593,0.0479939,0.0568104,0.0662844,0.0763894,0.0870973,0.0983782,0.110201,0.122532,0.135337,0.148581,0.162227,0.176236,0.19057,0.205188,0.22005,0.235115,0.25034,0.265684,0.281102,0.296553,0.311993,0.327379,0.342669,0.357819,0.372788,0.387534,0.402015,0.416191,0.430023,0.443473,0.456502,0.469075,0.481156,0.492711,0.50371,0.51412,0.523913,0.533061,0.541539,0.549324,0.556394,0.562729,0.568311,0.573124,0.577156,0.580396,0.582833,0.584462,0.585277,0.585277,0.584462,0.582833,0.580396,0.577156,0.573124,0.568311,0.562729,0.556394,0.549324,0.541539,0.533061,0.523913,0.51412,0.50371,0.492711,0.481156,0.469075,0.456502,0.443473,0.430023,0.416191,0.402015,0.387534,0.372788,0.357819,0.342669,0.327379,0.311993,0.296553,0.281102,0.265684,0.25034,0.235115,0.22005,0.205188,0.19057,0.176236,0.162227,0.148581,0.135337,0.122532,0.110201,0.0983782,0.0870973,0.0763894,0.0662844,0.0568104,0.0479939,0.0398593,0.0324295,0.0257251,0.0197647,0.014565,0.0101405,0.00650352,0.00366419,0.00163042,0.000407889,0,
0,0.000425923,0.00170251,0.00382619,0.00679105,0.0105888,0.015209,0.0206385,0.0268624,0.0338633,0.0416216,0.0501158,0.0593221,0.069215,0.0797668,0.0909481,0.102728,0.115073,0.127949,0.141321,0.15515,0.169399,0.184028,0.198995,0.21426,0.229779,0.24551,0.261409,0.27743,0.29353,0.309664,0.325787,0.341854,0.357819,0.373639,0.38927,0.404667,0.419789,0.434592,0.449036,0.46308,0.476685,0.489814,0.502429,0.514495,0.52598,0.53685,0.547076,0.556629,0.565482,0.573611,0.580994,0.587608,0.593437,0.598464,0.602674,0.606057,0.608602,0.610302,0.611154,0.611154,0.610302,0.608602,0.606057,0.602674,0.598464,0.593437,0.587608,0.580994,0.573611,0.565482,0.556629,0.547076,0.53685,0.52598,0.514495,0.502429,0.489814,0.476685,0.46308,0.449036,0.434592,0.419789,0.404667,0.38927,0.373639,0.357819,0.341854,0.325787,0.309664,0.29353,0.27743,0.261409,0.24551,0.229779,0.21426,0.198995,0.184028,0.169399,0.15515,0.141321,0.127949,0.115073,0.102728,0.0909481,0.0797668,0.069215,0.0593221,0.0501158,0.0416216,0.0338633,0.0268624,0.0206385,0.015209,0.0105888,0.00679105,0.00382619,0.00170251,0.000425923,0,
