functionName, calculator,N,initTime, calcTime, calcHz, bytes, maxError, blankColumn, err1, err2, err3, Blank
rho is 0.0625
f: 
0,0,0,0,0,0,0,0,0,0,0,0,0,0,0,0,0,0,0,0,0,0,0,0,0,0,0,0,0,0,0,0,0,0,0,0,0,0,0,0,0,0,0,0,0,0,0,0,0,0,0,0,0,0,0,0,0,0,0,0,0,0,0,0,0,0,0,0,0,0,0,0,0,0,0,0,0,0,0,0,0,0,0,0,0,0,0,0,0,0,0,0,0,0,0,0,0,0,0,0,0,0,0,0,
0,8.64931e-07,3.4565e-06,7.76508e-06,1.37746e-05,2.14628e-05,3.0801e-05,4.17545e-05,5.42825e-05,6.83384e-05,8.38699e-05,0.000100819,0.000119124,0.000138715,0.000159519,0.000181461,0.000204457,0.000228422,0.000253267,0.0002789,0.000305226,0.000332146,0.00035956,0.000387366,0.000415461,0.000443741,0.0004721,0.000500432,0.000528632,0.000556596,0.000584219,0.000611399,0.000638034,0.000664025,0.000689276,0.000713693,0.000737184,0.000759664,0.000781046,0.000801254,0.00082021,0.000837845,0.000854093,0.000868894,0.000882192,0.000893938,0.000904089,0.000912606,0.000919458,0.000924619,0.000928071,0.0009298,0.0009298,0.000928071,0.000924619,0.000919458,0.000912606,0.000904089,0.000893938,0.000882192,0.000868894,0.000854093,0.000837845,0.00082021,0.000801254,0.000781046,0.000759664,0.000737184,0.000713693,0.000689276,0.000664025,0.000638034,0.000611399,0.000584219,0.000556596,0.000528632,0.000500432,0.0004721,0.000443741,0.000415461,0.000387366,0.00035956,0.000332146,0.000305226,0.0002789,0.000253267,0.000228422,0.000204457,0.000181461,0.000159519,0.000138715,0.000119124,0.000100819,8.38699e-05,6.83384e-05,5.42825e-05,4.17545e-05,3.0801e-05,2.14628e-05,1.37746e-05,7.76508e-06,3.4565e-06,8.64931e-07,0,
0,3.4565e-06,1.38132e-05,3.10314e-05,5.50473e-05,8.57714e-05,0.000123089,0.000166862,0.000216928,0.000273099,0.000335168,0.000402902,0.000476051,0.000554342,0.000637484,0.000725167,0.000817066,0.000912838,0.00101213,0.00111456,0.00121977,0.00132735,0.0014369,0.00154802,0.0016603,0.00177331,0.00188664,0.00199987,0.00211256,0.00222431,0.0023347,0.00244332,0.00254976,0.00265363,0.00275454,0.00285212,0.002946,0.00303583,0.00312128,0.00320203,0.00327779,0.00334826,0.0034132,0.00347234,0.00352549,0.00357243,0.00361299,0.00364703,0.00367441,0.00369504,0.00370883,0.00371574,0.00371574,0.00370883,0.00369504,0.00367441,0.00364703,0.00361299,0.00357243,0.00352549,0.00347234,0.0034132,0.00334826,0.00327779,0.00320203,0.00312128,0.00303583,0.002946,0.00285212,0.00275454,0.00265363,0.00254976,0.00244332,0.0023347,0.00222431,0.00211256,0.00199987,0.00188664,0.00177331,0.0016603,0.00154802,0.0014369,0.00132735,0.00121977,0.00111456,0.00101213,0.000912838,0.000817066,0.000725167,0.000637484,0.000554342,0.000476051,0.000402902,0.000335168,0.000273099,0.000216928,0.000166862,0.000123089,8.57714e-05,5.50473e-05,3.10314e-05,1.38132e-05,3.4565e-06,0,
0,7.76508e-06,3.10314e-05,6.97125e-05,0.000123664,0.000192686,0.000276522,0.000374859,0.000487331,0.000613521,0.000752959,0.000905125,0.00106946,0.00124534,0.00143212,0.0016291,0.00183555,0.0020507,0.00227376,0.00250388,0.00274022,0.0029819,0.00322802,0.00347765,0.00372988,0.00398377,0.00423836,0.00449272,0.0047459,0.00499695,0.00524494,0.00548895,0.00572807,0.00596141,0.00618811,0.00640732,0.00661822,0.00682003,0.007012,0.00719341,0.0073636,0.00752192,0.00766779,0.00780066,0.00792005,0.0080255,0.00811663,0.0081931,0.00825461,0.00830095,0.00833194,0.00834746,0.00834746,0.00833194,0.00830095,0.00825461,0.0081931,0.00811663,0.0080255,0.00792005,0.00780066,0.00766779,0.00752192,0.0073636,0.00719341,0.007012,0.00682003,0.00661822,0.00640732,0.00618811,0.00596141,0.00572807,0.00548895,0.00524494,0.00499695,0.0047459,0.00449272,0.00423836,0.00398377,0.00372988,0.00347765,0.00322802,0.0029819,0.00274022,0.00250388,0.00227376,0.0020507,0.00183555,0.0016291,0.00143212,0.00124534,0.00106946,0.000905125,0.000752959,0.000613521,0.000487331,0.000374859,0.000276522,0.000192686,0.000123664,6.97125e-05,3.10314e-05,7.76508e-06,0,
0,1.37746e-05,5.50473e-05,0.000123664,0.000219371,0.00034181,0.000490528,0.000664969,0.000864487,0.00108834,0.00133569,0.00160562,0.00189713,0.00220913,0.00254046,0.00288989,0.00325612,0.00363778,0.00403346,0.00444169,0.00486094,0.00528966,0.00572624,0.00616908,0.00661652,0.00706689,0.00751852,0.00796973,0.00841884,0.00886419,0.0093041,0.00973696,0.0101611,0.0105751,0.0109772,0.0113661,0.0117402,0.0120982,0.0124387,0.0127605,0.0130624,0.0133433,0.013602,0.0138378,0.0140495,0.0142366,0.0143983,0.0145339,0.014643,0.0147252,0.0147802,0.0148077,0.0148077,0.0147802,0.0147252,0.014643,0.0145339,0.0143983,0.0142366,0.0140495,0.0138378,0.013602,0.0133433,0.0130624,0.0127605,0.0124387,0.0120982,0.0117402,0.0113661,0.0109772,0.0105751,0.0101611,0.00973696,0.0093041,0.00886419,0.00841884,0.00796973,0.00751852,0.00706689,0.00661652,0.00616908,0.00572624,0.00528966,0.00486094,0.00444169,0.00403346,0.00363778,0.00325612,0.00288989,0.00254046,0.00220913,0.00189713,0.00160562,0.00133569,0.00108834,0.000864487,0.000664969,0.000490528,0.00034181,0.000219371,0.000123664,5.50473e-05,1.37746e-05,0,
0,2.14628e-05,8.57714e-05,0.000192686,0.00034181,0.000532588,0.000764311,0.00103612,0.00134699,0.00169578,0.00208119,0.00250178,0.00295599,0.00344213,0.00395839,0.00450285,0.00507348,0.00566817,0.0062847,0.00692077,0.00757402,0.00824202,0.00892229,0.00961229,0.0103095,0.0110112,0.0117149,0.012418,0.0131177,0.0138116,0.0144971,0.0151715,0.0158325,0.0164774,0.017104,0.0177099,0.0182928,0.0188507,0.0193813,0.0198827,0.0203531,0.0207907,0.0211939,0.0215611,0.0218911,0.0221826,0.0224345,0.0226458,0.0228159,0.022944,0.0230296,0.0230725,0.0230725,0.0230296,0.022944,0.0228159,0.0226458,0.0224345,0.0221826,0.0218911,0.0215611,0.0211939,0.0207907,0.0203531,0.0198827,0.0193813,0.0188507,0.0182928,0.0177099,0.017104,0.0164774,0.0158325,0.0151715,0.0144971,0.0138116,0.0131177,0.012418,0.0117149,0.0110112,0.0103095,0.00961229,0.00892229,0.00824202,0.00757402,0.00692077,0.0062847,0.00566817,0.00507348,0.00450285,0.00395839,0.00344213,0.00295599,0.00250178,0.00208119,0.00169578,0.00134699,0.00103612,0.000764311,0.000532588,0.00034181,0.000192686,8.57714e-05,2.14628e-05,0,
0,3.0801e-05,0.000123089,0.000276522,0.000490528,0.000764311,0.00109685,0.00148692,0.00193305,0.00243359,0.00298669,0.00359027,0.0042421,0.00493976,0.00568063,0.00646198,0.00728089,0.00813432,0.00901909,0.00993191,0.0108694,0.011828,0.0128043,0.0137945,0.014795,0.015802,0.0168119,0.0178208,0.0188251,0.0198209,0.0208046,0.0217725,0.022721,0.0236466,0.0245458,0.0254153,0.0262518,0.0270523,0.0278138,0.0285334,0.0292085,0.0298365,0.0304151,0.0309421,0.0314157,0.031834,0.0321955,0.0324988,0.0327428,0.0329266,0.0330495,0.0331111,0.0331111,0.0330495,0.0329266,0.0327428,0.0324988,0.0321955,0.031834,0.0314157,0.0309421,0.0304151,0.0298365,0.0292085,0.0285334,0.0278138,0.0270523,0.0262518,0.0254153,0.0245458,0.0236466,0.022721,0.0217725,0.0208046,0.0198209,0.0188251,0.0178208,0.0168119,0.015802,0.014795,0.0137945,0.0128043,0.011828,0.0108694,0.00993191,0.00901909,0.00813432,0.00728089,0.00646198,0.00568063,0.00493976,0.0042421,0.00359027,0.00298669,0.00243359,0.00193305,0.00148692,0.00109685,0.000764311,0.000490528,0.000276522,0.000123089,3.0801e-05,0,
0,4.17545e-05,0.000166862,0.000374859,0.000664969,0.00103612,0.00148692,0.00201569,0.00262048,0.00329903,0.00404882,0.00486705,0.00575068,0.00669643,0.00770078,0.00875999,0.00987013,0.011027,0.0122265,0.0134639,0.0147348,0.0160343,0.0173577,0.0187001,0.0200564,0.0214216,0.0227906,0.0241583,0.0255197,0.0268696,0.0282031,0.0295152,0.030801,0.0320558,0.0332748,0.0344535,0.0355875,0.0366727,0.037705,0.0386805,0.0395956,0.0404469,0.0412313,0.0419458,0.0425878,0.0431548,0.0436448,0.044056,0.0443868,0.0446359,0.0448026,0.044886,0.044886,0.0448026,0.0446359,0.0443868,0.044056,0.0436448,0.0431548,0.0425878,0.0419458,0.0412313,0.0404469,0.0395956,0.0386805,0.037705,0.0366727,0.0355875,0.0344535,0.0332748,0.0320558,0.030801,0.0295152,0.0282031,0.0268696,0.0255197,0.0241583,0.0227906,0.0214216,0.0200564,0.0187001,0.0173577,0.0160343,0.0147348,0.0134639,0.0122265,0.011027,0.00987013,0.00875999,0.00770078,0.00669643,0.00575068,0.00486705,0.00404882,0.00329903,0.00262048,0.00201569,0.00148692,0.00103612,0.000664969,0.000374859,0.000166862,4.17545e-05,0,
0,5.42825e-05,0.000216928,0.000487331,0.000864487,0.00134699,0.00193305,0.00262048,0.00340673,0.00428887,0.00526362,0.00632736,0.00747612,0.00870563,0.0100113,0.0113883,0.0128316,0.0143356,0.0158949,0.0175036,0.0191558,0.0208452,0.0225657,0.0243108,0.0260741,0.0278489,0.0296286,0.0314068,0.0331766,0.0349316,0.0366652,0.038371,0.0400426,0.0416738,0.0432585,0.0447909,0.0462652,0.047676,0.0490179,0.0502861,0.0514758,0.0525826,0.0536023,0.0545312,0.0553658,0.056103,0.05674,0.0572745,0.0577046,0.0580285,0.0582451,0.0583536,0.0583536,0.0582451,0.0580285,0.0577046,0.0572745,0.05674,0.056103,0.0553658,0.0545312,0.0536023,0.0525826,0.0514758,0.0502861,0.0490179,0.047676,0.0462652,0.0447909,0.0432585,0.0416738,0.0400426,0.038371,0.0366652,0.0349316,0.0331766,0.0314068,0.0296286,0.0278489,0.0260741,0.0243108,0.0225657,0.0208452,0.0191558,0.0175036,0.0158949,0.0143356,0.0128316,0.0113883,0.0100113,0.00870563,0.00747612,0.00632736,0.00526362,0.00428887,0.00340673,0.00262048,0.00193305,0.00134699,0.000864487,0.000487331,0.000216928,5.42825e-05,0,
0,6.83384e-05,0.000273099,0.000613521,0.00108834,0.00169578,0.00243359,0.00329903,0.00428887,0.00539943,0.00662659,0.00796576,0.00941199,0.0109599,0.0126037,0.0143372,0.0161542,0.0180477,0.0200107,0.022036,0.024116,0.0262429,0.0284089,0.0306059,0.0328257,0.0350601,0.0373007,0.0395392,0.0417674,0.0439768,0.0461593,0.0483068,0.0504112,0.0524648,0.0544599,0.0563891,0.0582451,0.0600212,0.0617107,0.0633073,0.064805,0.0661984,0.0674821,0.0686515,0.0697022,0.0706303,0.0714323,0.0721052,0.0726466,0.0730544,0.0733271,0.0734637,0.0734637,0.0733271,0.0730544,0.0726466,0.0721052,0.0714323,0.0706303,0.0697022,0.0686515,0.0674821,0.0661984,0.064805,0.0633073,0.0617107,0.0600212,0.0582451,0.0563891,0.0544599,0.0524648,0.0504112,0.0483068,0.0461593,0.0439768,0.0417674,0.0395392,0.0373007,0.0350601,0.0328257,0.0306059,0.0284089,0.0262429,0.024116,0.022036,0.0200107,0.0180477,0.0161542,0.0143372,0.0126037,0.0109599,0.00941199,0.00796576,0.00662659,0.00539943,0.00428887,0.00329903,0.00243359,0.00169578,0.00108834,0.000613521,0.000273099,6.83384e-05,0,
0,8.38699e-05,0.000335168,0.000752959,0.00133569,0.00208119,0.00298669,0.00404882,0.00526362,0.00662659,0.00813264,0.00977618,0.0115511,0.0134508,0.0154682,0.0175957,0.0198256,0.0221494,0.0245586,0.0270442,0.0295969,0.0322073,0.0348655,0.0375618,0.0402861,0.0430283,0.0457782,0.0485255,0.05126,0.0539716,0.0566501,0.0592857,0.0618684,0.0643887,0.0668372,0.0692048,0.0714828,0.0736625,0.0757359,0.0776954,0.0795335,0.0812436,0.0828191,0.0842543,0.0855437,0.0866827,0.087667,0.0884929,0.0891573,0.0896578,0.0899925,0.0901602,0.0901602,0.0899925,0.0896578,0.0891573,0.0884929,0.087667,0.0866827,0.0855437,0.0842543,0.0828191,0.0812436,0.0795335,0.0776954,0.0757359,0.0736625,0.0714828,0.0692048,0.0668372,0.0643887,0.0618684,0.0592857,0.0566501,0.0539716,0.05126,0.0485255,0.0457782,0.0430283,0.0402861,0.0375618,0.0348655,0.0322073,0.0295969,0.0270442,0.0245586,0.0221494,0.0198256,0.0175957,0.0154682,0.0134508,0.0115511,0.00977618,0.00813264,0.00662659,0.00526362,0.00404882,0.00298669,0.00208119,0.00133569,0.000752959,0.000335168,8.38699e-05,0,
0,0.000100819,0.000402902,0.000905125,0.00160562,0.00250178,0.00359027,0.00486705,0.00632736,0.00796576,0.00977618,0.0117519,0.0138855,0.0161691,0.0185941,0.0211517,0.0238322,0.0266257,0.0295217,0.0325096,0.0355782,0.0387161,0.0419116,0.0451528,0.0484276,0.051724,0.0550296,0.0583321,0.0616192,0.0648788,0.0680987,0.0712668,0.0743715,0.0774011,0.0803445,0.0831906,0.0859288,0.0885491,0.0910415,0.093397,0.0956066,0.0976622,0.0995561,0.101281,0.102831,0.104201,0.105384,0.106377,0.107175,0.107777,0.108179,0.108381,0.108381,0.108179,0.107777,0.107175,0.106377,0.105384,0.104201,0.102831,0.101281,0.0995561,0.0976622,0.0956066,0.093397,0.0910415,0.0885491,0.0859288,0.0831906,0.0803445,0.0774011,0.0743715,0.0712668,0.0680987,0.0648788,0.0616192,0.0583321,0.0550296,0.051724,0.0484276,0.0451528,0.0419116,0.0387161,0.0355782,0.0325096,0.0295217,0.0266257,0.0238322,0.0211517,0.0185941,0.0161691,0.0138855,0.0117519,0.00977618,0.00796576,0.00632736,0.00486705,0.00359027,0.00250178,0.00160562,0.000905125,0.000402902,0.000100819,0,
0,0.000119124,0.000476051,0.00106946,0.00189713,0.00295599,0.0042421,0.00575068,0.00747612,0.00941199,0.0115511,0.0138855,0.0164064,0.0191046,0.02197,0.0249919,0.028159,0.0314597,0.0348815,0.0384119,0.0420376,0.0457452,0.0495208,0.0533505,0.0572199,0.0611147,0.0650205,0.0689226,0.0728065,0.0766579,0.0804623,0.0842056,0.087874,0.0914537,0.0949314,0.0982942,0.10153,0.104626,0.107571,0.110354,0.112964,0.115393,0.117631,0.119669,0.121501,0.123119,0.124517,0.12569,0.126633,0.127344,0.12782,0.128058,0.128058,0.12782,0.127344,0.126633,0.12569,0.124517,0.123119,0.121501,0.119669,0.117631,0.115393,0.112964,0.110354,0.107571,0.104626,0.10153,0.0982942,0.0949314,0.0914537,0.087874,0.0842056,0.0804623,0.0766579,0.0728065,0.0689226,0.0650205,0.0611147,0.0572199,0.0533505,0.0495208,0.0457452,0.0420376,0.0384119,0.0348815,0.0314597,0.028159,0.0249919,0.02197,0.0191046,0.0164064,0.0138855,0.0115511,0.00941199,0.00747612,0.00575068,0.0042421,0.00295599,0.00189713,0.00106946,0.000476051,0.000119124,0,
0,0.000138715,0.000554342,0.00124534,0.00220913,0.00344213,0.00493976,0.00669643,0.00870563,0.0109599,0.0134508,0.0161691,0.0191046,0.0222466,0.0255832,0.029102,0.03279,0.0366335,0.0406181,0.0447291,0.0489511,0.0532684,0.0576649,0.0621244,0.0666302,0.0711656,0.0757137,0.0802575,0.0847802,0.0892649,0.093695,0.098054,0.102326,0.106494,0.110544,0.11446,0.118227,0.121832,0.125262,0.128502,0.131542,0.134371,0.136976,0.13935,0.141483,0.143367,0.144995,0.146361,0.147459,0.148287,0.148841,0.149118,0.149118,0.148841,0.148287,0.147459,0.146361,0.144995,0.143367,0.141483,0.13935,0.136976,0.134371,0.131542,0.128502,0.125262,0.121832,0.118227,0.11446,0.110544,0.106494,0.102326,0.098054,0.093695,0.0892649,0.0847802,0.0802575,0.0757137,0.0711656,0.0666302,0.0621244,0.0576649,0.0532684,0.0489511,0.0447291,0.0406181,0.0366335,0.03279,0.029102,0.0255832,0.0222466,0.0191046,0.0161691,0.0134508,0.0109599,0.00870563,0.00669643,0.00493976,0.00344213,0.00220913,0.00124534,0.000554342,0.000138715,0,
0,0.000159519,0.000637484,0.00143212,0.00254046,0.00395839,0.00568063,0.00770078,0.0100113,0.0126037,0.0154682,0.0185941,0.02197,0.0255832,0.0294202,0.0334668,0.037708,0.0421279,0.0467101,0.0514377,0.0562929,0.0612577,0.0663137,0.071442,0.0766236,0.0818392,0.0870694,0.0922947,0.0974958,0.102653,0.107748,0.11276,0.117673,0.122466,0.127123,0.131627,0.135959,0.140105,0.144049,0.147775,0.151272,0.154524,0.157521,0.16025,0.162703,0.164869,0.166741,0.168312,0.169576,0.170528,0.171164,0.171483,0.171483,0.171164,0.170528,0.169576,0.168312,0.166741,0.164869,0.162703,0.16025,0.157521,0.154524,0.151272,0.147775,0.144049,0.140105,0.135959,0.131627,0.127123,0.122466,0.117673,0.11276,0.107748,0.102653,0.0974958,0.0922947,0.0870694,0.0818392,0.0766236,0.071442,0.0663137,0.0612577,0.0562929,0.0514377,0.0467101,0.0421279,0.037708,0.0334668,0.0294202,0.0255832,0.02197,0.0185941,0.0154682,0.0126037,0.0100113,0.00770078,0.00568063,0.00395839,0.00254046,0.00143212,0.000637484,0.000159519,0,
0,0.000181461,0.000725167,0.0016291,0.00288989,0.00450285,0.00646198,0.00875999,0.0113883,0.0143372,0.0175957,0.0211517,0.0249919,0.029102,0.0334668,0.03807,0.0428945,0.0479224,0.0531349,0.0585127,0.0640357,0.0696834,0.0754349,0.0812686,0.0871629,0.0930959,0.0990454,0.104989,0.110906,0.116773,0.122568,0.12827,0.133858,0.139311,0.144609,0.149731,0.15466,0.159376,0.163862,0.168101,0.172078,0.175778,0.179187,0.182292,0.185082,0.187546,0.189676,0.191463,0.1929,0.193983,0.194707,0.19507,0.19507,0.194707,0.193983,0.1929,0.191463,0.189676,0.187546,0.185082,0.182292,0.179187,0.175778,0.172078,0.168101,0.163862,0.159376,0.15466,0.149731,0.144609,0.139311,0.133858,0.12827,0.122568,0.116773,0.110906,0.104989,0.0990454,0.0930959,0.0871629,0.0812686,0.0754349,0.0696834,0.0640357,0.0585127,0.0531349,0.0479224,0.0428945,0.03807,0.0334668,0.029102,0.0249919,0.0211517,0.0175957,0.0143372,0.0113883,0.00875999,0.00646198,0.00450285,0.00288989,0.0016291,0.000725167,0.000181461,0,
0,0.000204457,0.000817066,0.00183555,0.00325612,0.00507348,0.00728089,0.00987013,0.0128316,0.0161542,0.0198256,0.0238322,0.028159,0.03279,0.037708,0.0428945,0.0483305,0.0539955,0.0598686,0.0659279,0.0721508,0.0785142,0.0849945,0.0915675,0.0982088,0.104894,0.111597,0.118295,0.124961,0.131571,0.138101,0.144525,0.150822,0.156966,0.162935,0.168706,0.174259,0.179573,0.184628,0.189404,0.193885,0.198054,0.201895,0.205393,0.208537,0.211314,0.213713,0.215726,0.217346,0.218566,0.219382,0.219791,0.219791,0.219382,0.218566,0.217346,0.215726,0.213713,0.211314,0.208537,0.205393,0.201895,0.198054,0.193885,0.189404,0.184628,0.179573,0.174259,0.168706,0.162935,0.156966,0.150822,0.144525,0.138101,0.131571,0.124961,0.118295,0.111597,0.104894,0.0982088,0.0915675,0.0849945,0.0785142,0.0721508,0.0659279,0.0598686,0.0539955,0.0483305,0.0428945,0.037708,0.03279,0.028159,0.0238322,0.0198256,0.0161542,0.0128316,0.00987013,0.00728089,0.00507348,0.00325612,0.00183555,0.000817066,0.000204457,0,
0,0.000228422,0.000912838,0.0020507,0.00363778,0.00566817,0.00813432,0.011027,0.0143356,0.0180477,0.0221494,0.0266257,0.0314597,0.0366335,0.0421279,0.0479224,0.0539955,0.0603246,0.066886,0.0736556,0.0806079,0.0877173,0.0949571,0.102301,0.10972,0.117189,0.124678,0.13216,0.139608,0.146993,0.154288,0.161466,0.1685,0.175364,0.182033,0.188481,0.194685,0.200622,0.206269,0.211605,0.216612,0.221269,0.22556,0.229469,0.23298,0.236083,0.238763,0.241013,0.242822,0.244185,0.245097,0.245553,0.245553,0.245097,0.244185,0.242822,0.241013,0.238763,0.236083,0.23298,0.229469,0.22556,0.221269,0.216612,0.211605,0.206269,0.200622,0.194685,0.188481,0.182033,0.175364,0.1685,0.161466,0.154288,0.146993,0.139608,0.13216,0.124678,0.117189,0.10972,0.102301,0.0949571,0.0877173,0.0806079,0.0736556,0.066886,0.0603246,0.0539955,0.0479224,0.0421279,0.0366335,0.0314597,0.0266257,0.0221494,0.0180477,0.0143356,0.011027,0.00813432,0.00566817,0.00363778,0.0020507,0.000912838,0.000228422,0,
0,0.000253267,0.00101213,0.00227376,0.00403346,0.0062847,0.00901909,0.0122265,0.0158949,0.0200107,0.0245586,0.0295217,0.0348815,0.0406181,0.0467101,0.0531349,0.0598686,0.066886,0.0741612,0.0816671,0.0893756,0.0972583,0.105286,0.113428,0.121655,0.129935,0.138239,0.146535,0.154793,0.162981,0.17107,0.179029,0.186828,0.194439,0.201833,0.208982,0.215861,0.222443,0.228705,0.234622,0.240172,0.245336,0.250094,0.254428,0.258322,0.261761,0.264734,0.267227,0.269234,0.270745,0.271756,0.272262,0.272262,0.271756,0.270745,0.269234,0.267227,0.264734,0.261761,0.258322,0.254428,0.250094,0.245336,0.240172,0.234622,0.228705,0.222443,0.215861,0.208982,0.201833,0.194439,0.186828,0.179029,0.17107,0.162981,0.154793,0.146535,0.138239,0.129935,0.121655,0.113428,0.105286,0.0972583,0.0893756,0.0816671,0.0741612,0.066886,0.0598686,0.0531349,0.0467101,0.0406181,0.0348815,0.0295217,0.0245586,0.0200107,0.0158949,0.0122265,0.00901909,0.0062847,0.00403346,0.00227376,0.00101213,0.000253267,0,
0,0.0002789,0.00111456,0.00250388,0.00444169,0.00692077,0.00993191,0.0134639,0.0175036,0.022036,0.0270442,0.0325096,0.0384119,0.0447291,0.0514377,0.0585127,0.0659279,0.0736556,0.0816671,0.0899326,0.0984213,0.107102,0.115942,0.124908,0.133967,0.143086,0.15223,0.161366,0.17046,0.179477,0.188384,0.197148,0.205737,0.214118,0.22226,0.230133,0.237708,0.244957,0.251852,0.258368,0.26448,0.270167,0.275406,0.280178,0.284466,0.288254,0.291527,0.294273,0.296483,0.298147,0.29926,0.299818,0.299818,0.29926,0.298147,0.296483,0.294273,0.291527,0.288254,0.284466,0.280178,0.275406,0.270167,0.26448,0.258368,0.251852,0.244957,0.237708,0.230133,0.22226,0.214118,0.205737,0.197148,0.188384,0.179477,0.17046,0.161366,0.15223,0.143086,0.133967,0.124908,0.115942,0.107102,0.0984213,0.0899326,0.0816671,0.0736556,0.0659279,0.0585127,0.0514377,0.0447291,0.0384119,0.0325096,0.0270442,0.022036,0.0175036,0.0134639,0.00993191,0.00692077,0.00444169,0.00250388,0.00111456,0.0002789,0,
0,0.000305226,0.00121977,0.00274022,0.00486094,0.00757402,0.0108694,0.0147348,0.0191558,0.024116,0.0295969,0.0355782,0.0420376,0.0489511,0.0562929,0.0640357,0.0721508,0.0806079,0.0893756,0.0984213,0.107711,0.117211,0.126885,0.136698,0.146612,0.156592,0.166599,0.176598,0.186549,0.196417,0.206165,0.215757,0.225156,0.234328,0.243239,0.251855,0.260145,0.268078,0.275624,0.282755,0.289444,0.295668,0.301401,0.306624,0.311317,0.315462,0.319044,0.32205,0.324468,0.326289,0.327508,0.328118,0.328118,0.327508,0.326289,0.324468,0.32205,0.319044,0.315462,0.311317,0.306624,0.301401,0.295668,0.289444,0.282755,0.275624,0.268078,0.260145,0.251855,0.243239,0.234328,0.225156,0.215757,0.206165,0.196417,0.186549,0.176598,0.166599,0.156592,0.146612,0.136698,0.126885,0.117211,0.107711,0.0984213,0.0893756,0.0806079,0.0721508,0.0640357,0.0562929,0.0489511,0.0420376,0.0355782,0.0295969,0.024116,0.0191558,0.0147348,0.0108694,0.00757402,0.00486094,0.00274022,0.00121977,0.000305226,0,
0,0.000332146,0.00132735,0.0029819,0.00528966,0.00824202,0.011828,0.0160343,0.0208452,0.0262429,0.0322073,0.0387161,0.0457452,0.0532684,0.0612577,0.0696834,0.0785142,0.0877173,0.0972583,0.107102,0.117211,0.127549,0.138076,0.148754,0.159543,0.170403,0.181293,0.192173,0.203002,0.213741,0.224348,0.234786,0.245014,0.254995,0.264692,0.274068,0.283089,0.291722,0.299933,0.307693,0.314972,0.321745,0.327984,0.333668,0.338774,0.343285,0.347183,0.350454,0.353085,0.355067,0.356393,0.357057,0.357057,0.356393,0.355067,0.353085,0.350454,0.347183,0.343285,0.338774,0.333668,0.327984,0.321745,0.314972,0.307693,0.299933,0.291722,0.283089,0.274068,0.264692,0.254995,0.245014,0.234786,0.224348,0.213741,0.203002,0.192173,0.181293,0.170403,0.159543,0.148754,0.138076,0.127549,0.117211,0.107102,0.0972583,0.0877173,0.0785142,0.0696834,0.0612577,0.0532684,0.0457452,0.0387161,0.0322073,0.0262429,0.0208452,0.0160343,0.011828,0.00824202,0.00528966,0.0029819,0.00132735,0.000332146,0,
0,0.00035956,0.0014369,0.00322802,0.00572624,0.00892229,0.0128043,0.0173577,0.0225657,0.0284089,0.0348655,0.0419116,0.0495208,0.0576649,0.0663137,0.0754349,0.0849945,0.0949571,0.105286,0.115942,0.126885,0.138076,0.149472,0.161032,0.172711,0.184467,0.196256,0.208034,0.219757,0.231382,0.242865,0.254164,0.265237,0.276042,0.286539,0.296689,0.306455,0.315799,0.324688,0.333089,0.340969,0.3483,0.355055,0.361207,0.366736,0.371619,0.375838,0.379379,0.382227,0.384373,0.385808,0.386527,0.386527,0.385808,0.384373,0.382227,0.379379,0.375838,0.371619,0.366736,0.361207,0.355055,0.3483,0.340969,0.333089,0.324688,0.315799,0.306455,0.296689,0.286539,0.276042,0.265237,0.254164,0.242865,0.231382,0.219757,0.208034,0.196256,0.184467,0.172711,0.161032,0.149472,0.138076,0.126885,0.115942,0.105286,0.0949571,0.0849945,0.0754349,0.0663137,0.0576649,0.0495208,0.0419116,0.0348655,0.0284089,0.0225657,0.0173577,0.0128043,0.00892229,0.00572624,0.00322802,0.0014369,0.00035956,0,
0,0.000387366,0.00154802,0.00347765,0.00616908,0.00961229,0.0137945,0.0187001,0.0243108,0.0306059,0.0375618,0.0451528,0.0533505,0.0621244,0.071442,0.0812686,0.0915675,0.102301,0.113428,0.124908,0.136698,0.148754,0.161032,0.173485,0.186068,0.198733,0.211434,0.224122,0.236752,0.249276,0.261647,0.27382,0.285749,0.297389,0.308698,0.319633,0.330154,0.340221,0.349798,0.358848,0.367338,0.375236,0.382513,0.389141,0.395097,0.400357,0.404903,0.408718,0.411787,0.414098,0.415644,0.416419,0.416419,0.415644,0.414098,0.411787,0.408718,0.404903,0.400357,0.395097,0.389141,0.382513,0.375236,0.367338,0.358848,0.349798,0.340221,0.330154,0.319633,0.308698,0.297389,0.285749,0.27382,0.261647,0.249276,0.236752,0.224122,0.211434,0.198733,0.186068,0.173485,0.161032,0.148754,0.136698,0.124908,0.113428,0.102301,0.0915675,0.0812686,0.071442,0.0621244,0.0533505,0.0451528,0.0375618,0.0306059,0.0243108,0.0187001,0.0137945,0.00961229,0.00616908,0.00347765,0.00154802,0.000387366,0,
0,0.000415461,0.0016603,0.00372988,0.00661652,0.0103095,0.014795,0.0200564,0.0260741,0.0328257,0.0402861,0.0484276,0.0572199,0.0666302,0.0766236,0.0871629,0.0982088,0.10972,0.121655,0.133967,0.146612,0.159543,0.172711,0.186068,0.199563,0.213147,0.226769,0.240378,0.253924,0.267356,0.280624,0.29368,0.306474,0.318958,0.331087,0.342816,0.3541,0.364897,0.375168,0.384875,0.39398,0.402451,0.410256,0.417365,0.423753,0.429395,0.434271,0.438362,0.441653,0.444132,0.44579,0.446621,0.446621,0.44579,0.444132,0.441653,0.438362,0.434271,0.429395,0.423753,0.417365,0.410256,0.402451,0.39398,0.384875,0.375168,0.364897,0.3541,0.342816,0.331087,0.318958,0.306474,0.29368,0.280624,0.267356,0.253924,0.240378,0.226769,0.213147,0.199563,0.186068,0.172711,0.159543,0.146612,0.133967,0.121655,0.10972,0.0982088,0.0871629,0.0766236,0.0666302,0.0572199,0.0484276,0.0402861,0.0328257,0.0260741,0.0200564,0.014795,0.0103095,0.00661652,0.00372988,0.0016603,0.000415461,0,
0,0.000443741,0.00177331,0.00398377,0.00706689,0.0110112,0.015802,0.0214216,0.0278489,0.0350601,0.0430283,0.051724,0.0611147,0.0711656,0.0818392,0.0930959,0.104894,0.117189,0.129935,0.143086,0.156592,0.170403,0.184467,0.198733,0.213147,0.227655,0.242204,0.25674,0.271208,0.285554,0.299726,0.31367,0.327335,0.340669,0.353624,0.36615,0.378202,0.389735,0.400705,0.411072,0.420798,0.429845,0.438181,0.445774,0.452597,0.458623,0.46383,0.4682,0.471715,0.474363,0.476134,0.477021,0.477021,0.476134,0.474363,0.471715,0.4682,0.46383,0.458623,0.452597,0.445774,0.438181,0.429845,0.420798,0.411072,0.400705,0.389735,0.378202,0.36615,0.353624,0.340669,0.327335,0.31367,0.299726,0.285554,0.271208,0.25674,0.242204,0.227655,0.213147,0.198733,0.184467,0.170403,0.156592,0.143086,0.129935,0.117189,0.104894,0.0930959,0.0818392,0.0711656,0.0611147,0.051724,0.0430283,0.0350601,0.0278489,0.0214216,0.015802,0.0110112,0.00706689,0.00398377,0.00177331,0.000443741,0,
0,0.0004721,0.00188664,0.00423836,0.00751852,0.0117149,0.0168119,0.0227906,0.0296286,0.0373007,0.0457782,0.0550296,0.0650205,0.0757137,0.0870694,0.0990454,0.111597,0.124678,0.138239,0.15223,0.166599,0.181293,0.196256,0.211434,0.226769,0.242204,0.257683,0.273147,0.28854,0.303803,0.318881,0.333716,0.348254,0.362441,0.376223,0.38955,0.402373,0.414642,0.426314,0.437343,0.44769,0.457316,0.466184,0.474263,0.481521,0.487933,0.493473,0.498122,0.501862,0.504679,0.506563,0.507507,0.507507,0.506563,0.504679,0.501862,0.498122,0.493473,0.487933,0.481521,0.474263,0.466184,0.457316,0.44769,0.437343,0.426314,0.414642,0.402373,0.38955,0.376223,0.362441,0.348254,0.333716,0.318881,0.303803,0.28854,0.273147,0.257683,0.242204,0.226769,0.211434,0.196256,0.181293,0.166599,0.15223,0.138239,0.124678,0.111597,0.0990454,0.0870694,0.0757137,0.0650205,0.0550296,0.0457782,0.0373007,0.0296286,0.0227906,0.0168119,0.0117149,0.00751852,0.00423836,0.00188664,0.0004721,0,
0,0.000500432,0.00199987,0.00449272,0.00796973,0.012418,0.0178208,0.0241583,0.0314068,0.0395392,0.0485255,0.0583321,0.0689226,0.0802575,0.0922947,0.104989,0.118295,0.13216,0.146535,0.161366,0.176598,0.192173,0.208034,0.224122,0.240378,0.25674,0.273147,0.28954,0.305856,0.322036,0.338018,0.353743,0.369154,0.384192,0.398802,0.412929,0.42652,0.439526,0.451898,0.46359,0.474557,0.484761,0.494162,0.502725,0.510419,0.517215,0.523088,0.528016,0.53198,0.534967,0.536964,0.537964,0.537964,0.536964,0.534967,0.53198,0.528016,0.523088,0.517215,0.510419,0.502725,0.494162,0.484761,0.474557,0.46359,0.451898,0.439526,0.42652,0.412929,0.398802,0.384192,0.369154,0.353743,0.338018,0.322036,0.305856,0.28954,0.273147,0.25674,0.240378,0.224122,0.208034,0.192173,0.176598,0.161366,0.146535,0.13216,0.118295,0.104989,0.0922947,0.0802575,0.0689226,0.0583321,0.0485255,0.0395392,0.0314068,0.0241583,0.0178208,0.012418,0.00796973,0.00449272,0.00199987,0.000500432,0,
0,0.000528632,0.00211256,0.0047459,0.00841884,0.0131177,0.0188251,0.0255197,0.0331766,0.0417674,0.05126,0.0616192,0.0728065,0.0847802,0.0974958,0.110906,0.124961,0.139608,0.154793,0.17046,0.186549,0.203002,0.219757,0.236752,0.253924,0.271208,0.28854,0.305856,0.323092,0.340183,0.357066,0.373678,0.389956,0.405842,0.421275,0.436198,0.450556,0.464295,0.477364,0.489714,0.5013,0.512078,0.522009,0.531055,0.539182,0.546361,0.552565,0.557771,0.561959,0.565113,0.567223,0.56828,0.56828,0.567223,0.565113,0.561959,0.557771,0.552565,0.546361,0.539182,0.531055,0.522009,0.512078,0.5013,0.489714,0.477364,0.464295,0.450556,0.436198,0.421275,0.405842,0.389956,0.373678,0.357066,0.340183,0.323092,0.305856,0.28854,0.271208,0.253924,0.236752,0.219757,0.203002,0.186549,0.17046,0.154793,0.139608,0.124961,0.110906,0.0974958,0.0847802,0.0728065,0.0616192,0.05126,0.0417674,0.0331766,0.0255197,0.0188251,0.0131177,0.00841884,0.0047459,0.00211256,0.000528632,0,
0,0.000556596,0.00222431,0.00499695,0.00886419,0.0138116,0.0198209,0.0268696,0.0349316,0.0439768,0.0539716,0.0648788,0.0766579,0.0892649,0.102653,0.116773,0.131571,0.146993,0.162981,0.179477,0.196417,0.213741,0.231382,0.249276,0.267356,0.285554,0.303803,0.322036,0.340183,0.358178,0.375954,0.393444,0.410585,0.42731,0.44356,0.459272,0.47439,0.488855,0.502615,0.515619,0.527818,0.539166,0.549622,0.559147,0.567704,0.575263,0.581795,0.587276,0.591685,0.595007,0.597228,0.598341,0.598341,0.597228,0.595007,0.591685,0.587276,0.581795,0.575263,0.567704,0.559147,0.549622,0.539166,0.527818,0.515619,0.502615,0.488855,0.47439,0.459272,0.44356,0.42731,0.410585,0.393444,0.375954,0.358178,0.340183,0.322036,0.303803,0.285554,0.267356,0.249276,0.231382,0.213741,0.196417,0.179477,0.162981,0.146993,0.131571,0.116773,0.102653,0.0892649,0.0766579,0.0648788,0.0539716,0.0439768,0.0349316,0.0268696,0.0198209,0.0138116,0.00886419,0.00499695,0.00222431,0.000556596,0,
0,0.000584219,0.0023347,0.00524494,0.0093041,0.0144971,0.0208046,0.0282031,0.0366652,0.0461593,0.0566501,0.0680987,0.0804623,0.093695,0.107748,0.122568,0.138101,0.154288,0.17107,0.188384,0.206165,0.224348,0.242865,0.261647,0.280624,0.299726,0.318881,0.338018,0.357066,0.375954,0.394612,0.412971,0.430961,0.448517,0.465573,0.482065,0.497933,0.513116,0.527559,0.541209,0.554013,0.565924,0.576899,0.586896,0.595878,0.603812,0.610669,0.616422,0.62105,0.624536,0.626868,0.628035,0.628035,0.626868,0.624536,0.62105,0.616422,0.610669,0.603812,0.595878,0.586896,0.576899,0.565924,0.554013,0.541209,0.527559,0.513116,0.497933,0.482065,0.465573,0.448517,0.430961,0.412971,0.394612,0.375954,0.357066,0.338018,0.318881,0.299726,0.280624,0.261647,0.242865,0.224348,0.206165,0.188384,0.17107,0.154288,0.138101,0.122568,0.107748,0.093695,0.0804623,0.0680987,0.0566501,0.0461593,0.0366652,0.0282031,0.0208046,0.0144971,0.0093041,0.00524494,0.0023347,0.000584219,0,
0,0.000611399,0.00244332,0.00548895,0.00973696,0.0151715,0.0217725,0.0295152,0.038371,0.0483068,0.0592857,0.0712668,0.0842056,0.098054,0.11276,0.12827,0.144525,0.161466,0.179029,0.197148,0.215757,0.234786,0.254164,0.27382,0.29368,0.31367,0.333716,0.353743,0.373678,0.393444,0.412971,0.432183,0.451011,0.469384,0.487233,0.504492,0.521098,0.536988,0.552103,0.566387,0.579787,0.592253,0.603738,0.6142,0.6236,0.631904,0.639079,0.645099,0.649943,0.653591,0.656031,0.657254,0.657254,0.656031,0.653591,0.649943,0.645099,0.639079,0.631904,0.6236,0.6142,0.603738,0.592253,0.579787,0.566387,0.552103,0.536988,0.521098,0.504492,0.487233,0.469384,0.451011,0.432183,0.412971,0.393444,0.373678,0.353743,0.333716,0.31367,0.29368,0.27382,0.254164,0.234786,0.215757,0.197148,0.179029,0.161466,0.144525,0.12827,0.11276,0.098054,0.0842056,0.0712668,0.0592857,0.0483068,0.038371,0.0295152,0.0217725,0.0151715,0.00973696,0.00548895,0.00244332,0.000611399,0,
0,0.000638034,0.00254976,0.00572807,0.0101611,0.0158325,0.022721,0.030801,0.0400426,0.0504112,0.0618684,0.0743715,0.087874,0.102326,0.117673,0.133858,0.150822,0.1685,0.186828,0.205737,0.225156,0.245014,0.265237,0.285749,0.306474,0.327335,0.348254,0.369154,0.389956,0.410585,0.430961,0.451011,0.470659,0.489832,0.508459,0.52647,0.543799,0.560381,0.576155,0.591061,0.605045,0.618054,0.630039,0.640957,0.650767,0.659432,0.66692,0.673202,0.678257,0.682065,0.684611,0.685886,0.685886,0.684611,0.682065,0.678257,0.673202,0.66692,0.659432,0.650767,0.640957,0.630039,0.618054,0.605045,0.591061,0.576155,0.560381,0.543799,0.52647,0.508459,0.489832,0.470659,0.451011,0.430961,0.410585,0.389956,0.369154,0.348254,0.327335,0.306474,0.285749,0.265237,0.245014,0.225156,0.205737,0.186828,0.1685,0.150822,0.133858,0.117673,0.102326,0.087874,0.0743715,0.0618684,0.0504112,0.0400426,0.030801,0.022721,0.0158325,0.0101611,0.00572807,0.00254976,0.000638034,0,
0,0.000664025,0.00265363,0.00596141,0.0105751,0.0164774,0.0236466,0.0320558,0.0416738,0.0524648,0.0643887,0.0774011,0.0914537,0.106494,0.122466,0.139311,0.156966,0.175364,0.194439,0.214118,0.234328,0.254995,0.276042,0.297389,0.318958,0.340669,0.362441,0.384192,0.405842,0.42731,0.448517,0.469384,0.489832,0.509786,0.529172,0.547917,0.565952,0.583209,0.599626,0.615139,0.629692,0.643231,0.655705,0.667068,0.677277,0.686295,0.694088,0.700627,0.705887,0.70985,0.712499,0.713827,0.713827,0.712499,0.70985,0.705887,0.700627,0.694088,0.686295,0.677277,0.667068,0.655705,0.643231,0.629692,0.615139,0.599626,0.583209,0.565952,0.547917,0.529172,0.509786,0.489832,0.469384,0.448517,0.42731,0.405842,0.384192,0.362441,0.340669,0.318958,0.297389,0.276042,0.254995,0.234328,0.214118,0.194439,0.175364,0.156966,0.139311,0.122466,0.106494,0.0914537,0.0774011,0.0643887,0.0524648,0.0416738,0.0320558,0.0236466,0.0164774,0.0105751,0.00596141,0.00265363,0.000664025,0,
0,0.000689276,0.00275454,0.00618811,0.0109772,0.017104,0.0245458,0.0332748,0.0432585,0.0544599,0.0668372,0.0803445,0.0949314,0.110544,0.127123,0.144609,0.162935,0.182033,0.201833,0.22226,0.243239,0.264692,0.286539,0.308698,0.331087,0.353624,0.376223,0.398802,0.421275,0.44356,0.465573,0.487233,0.508459,0.529172,0.549295,0.568753,0.587473,0.605387,0.622428,0.638531,0.653638,0.667691,0.68064,0.692435,0.703032,0.712393,0.720482,0.727269,0.73273,0.736843,0.739594,0.740972,0.740972,0.739594,0.736843,0.73273,0.727269,0.720482,0.712393,0.703032,0.692435,0.68064,0.667691,0.653638,0.638531,0.622428,0.605387,0.587473,0.568753,0.549295,0.529172,0.508459,0.487233,0.465573,0.44356,0.421275,0.398802,0.376223,0.353624,0.331087,0.308698,0.286539,0.264692,0.243239,0.22226,0.201833,0.182033,0.162935,0.144609,0.127123,0.110544,0.0949314,0.0803445,0.0668372,0.0544599,0.0432585,0.0332748,0.0245458,0.017104,0.0109772,0.00618811,0.00275454,0.000689276,0,
0,0.000713693,0.00285212,0.00640732,0.0113661,0.0177099,0.0254153,0.0344535,0.0447909,0.0563891,0.0692048,0.0831906,0.0982942,0.11446,0.131627,0.149731,0.168706,0.188481,0.208982,0.230133,0.251855,0.274068,0.296689,0.319633,0.342816,0.36615,0.38955,0.412929,0.436198,0.459272,0.482065,0.504492,0.52647,0.547917,0.568753,0.5889,0.608284,0.626832,0.644476,0.66115,0.676792,0.691344,0.704751,0.716963,0.727936,0.737628,0.746004,0.753032,0.758686,0.762945,0.765793,0.76722,0.76722,0.765793,0.762945,0.758686,0.753032,0.746004,0.737628,0.727936,0.716963,0.704751,0.691344,0.676792,0.66115,0.644476,0.626832,0.608284,0.5889,0.568753,0.547917,0.52647,0.504492,0.482065,0.459272,0.436198,0.412929,0.38955,0.36615,0.342816,0.319633,0.296689,0.274068,0.251855,0.230133,0.208982,0.188481,0.168706,0.149731,0.131627,0.11446,0.0982942,0.0831906,0.0692048,0.0563891,0.0447909,0.0344535,0.0254153,0.0177099,0.0113661,0.00640732,0.00285212,0.000713693,0,
0,0.000737184,0.002946,0.00661822,0.0117402,0.0182928,0.0262518,0.0355875,0.0462652,0.0582451,0.0714828,0.0859288,0.10153,0.118227,0.135959,0.15466,0.174259,0.194685,0.215861,0.237708,0.260145,0.283089,0.306455,0.330154,0.3541,0.378202,0.402373,0.42652,0.450556,0.47439,0.497933,0.521098,0.543799,0.565952,0.587473,0.608284,0.628306,0.647465,0.66569,0.682912,0.699069,0.714099,0.727948,0.740562,0.751896,0.761908,0.770559,0.777818,0.783658,0.788058,0.790999,0.792473,0.792473,0.790999,0.788058,0.783658,0.777818,0.770559,0.761908,0.751896,0.740562,0.727948,0.714099,0.699069,0.682912,0.66569,0.647465,0.628306,0.608284,0.587473,0.565952,0.543799,0.521098,0.497933,0.47439,0.450556,0.42652,0.402373,0.378202,0.3541,0.330154,0.306455,0.283089,0.260145,0.237708,0.215861,0.194685,0.174259,0.15466,0.135959,0.118227,0.10153,0.0859288,0.0714828,0.0582451,0.0462652,0.0355875,0.0262518,0.0182928,0.0117402,0.00661822,0.002946,0.000737184,0,
0,0.000759664,0.00303583,0.00682003,0.0120982,0.0188507,0.0270523,0.0366727,0.047676,0.0600212,0.0736625,0.0885491,0.104626,0.121832,0.140105,0.159376,0.179573,0.200622,0.222443,0.244957,0.268078,0.291722,0.315799,0.340221,0.364897,0.389735,0.414642,0.439526,0.464295,0.488855,0.513116,0.536988,0.560381,0.583209,0.605387,0.626832,0.647465,0.667208,0.685989,0.703737,0.720386,0.735875,0.750145,0.763145,0.774824,0.785141,0.794056,0.801537,0.807555,0.812088,0.81512,0.816638,0.816638,0.81512,0.812088,0.807555,0.801537,0.794056,0.785141,0.774824,0.763145,0.750145,0.735875,0.720386,0.703737,0.685989,0.667208,0.647465,0.626832,0.605387,0.583209,0.560381,0.536988,0.513116,0.488855,0.464295,0.439526,0.414642,0.389735,0.364897,0.340221,0.315799,0.291722,0.268078,0.244957,0.222443,0.200622,0.179573,0.159376,0.140105,0.121832,0.104626,0.0885491,0.0736625,0.0600212,0.047676,0.0366727,0.0270523,0.0188507,0.0120982,0.00682003,0.00303583,0.000759664,0,
0,0.000781046,0.00312128,0.007012,0.0124387,0.0193813,0.0278138,0.037705,0.0490179,0.0617107,0.0757359,0.0910415,0.107571,0.125262,0.144049,0.163862,0.184628,0.206269,0.228705,0.251852,0.275624,0.299933,0.324688,0.349798,0.375168,0.400705,0.426314,0.451898,0.477364,0.502615,0.527559,0.552103,0.576155,0.599626,0.622428,0.644476,0.66569,0.685989,0.705298,0.723545,0.740663,0.756588,0.77126,0.784625,0.796634,0.807241,0.816407,0.824098,0.830286,0.834947,0.838063,0.839625,0.839625,0.838063,0.834947,0.830286,0.824098,0.816407,0.807241,0.796634,0.784625,0.77126,0.756588,0.740663,0.723545,0.705298,0.685989,0.66569,0.644476,0.622428,0.599626,0.576155,0.552103,0.527559,0.502615,0.477364,0.451898,0.426314,0.400705,0.375168,0.349798,0.324688,0.299933,0.275624,0.251852,0.228705,0.206269,0.184628,0.163862,0.144049,0.125262,0.107571,0.0910415,0.0757359,0.0617107,0.0490179,0.037705,0.0278138,0.0193813,0.0124387,0.007012,0.00312128,0.000781046,0,
0,0.000801254,0.00320203,0.00719341,0.0127605,0.0198827,0.0285334,0.0386805,0.0502861,0.0633073,0.0776954,0.093397,0.110354,0.128502,0.147775,0.168101,0.189404,0.211605,0.234622,0.258368,0.282755,0.307693,0.333089,0.358848,0.384875,0.411072,0.437343,0.46359,0.489714,0.515619,0.541209,0.566387,0.591061,0.615139,0.638531,0.66115,0.682912,0.703737,0.723545,0.742265,0.759826,0.776162,0.791214,0.804925,0.817244,0.828126,0.837529,0.845419,0.851767,0.856548,0.859746,0.861348,0.861348,0.859746,0.856548,0.851767,0.845419,0.837529,0.828126,0.817244,0.804925,0.791214,0.776162,0.759826,0.742265,0.723545,0.703737,0.682912,0.66115,0.638531,0.615139,0.591061,0.566387,0.541209,0.515619,0.489714,0.46359,0.437343,0.411072,0.384875,0.358848,0.333089,0.307693,0.282755,0.258368,0.234622,0.211605,0.189404,0.168101,0.147775,0.128502,0.110354,0.093397,0.0776954,0.0633073,0.0502861,0.0386805,0.0285334,0.0198827,0.0127605,0.00719341,0.00320203,0.000801254,0,
