functionName, calculator,N,initTime, calcTime, calcHz, bytes, maxError, blankColumn, err1, err2, err3, Blank
rho is 0.0625
f: 
0,0,0,0,0,0,0,0,0,0,0,0,0,0,0,0,0,0,0,0,0,0,0,0,0,0,0,0,0,0,0,0,0,0,0,0,0,0,0,0,0,0,0,0,0,0,0,0,0,0,0,0,0,0,0,0,0,0,0,0,0,0,0,0,0,0,0,0,0,0,0,0,0,0,0,0,0,0,0,0,0,0,0,0,0,0,0,0,0,0,0,0,0,0,0,0,
0,1.19506e-06,4.775e-06,1.07242e-05,1.90166e-05,2.96159e-05,4.24759e-05,5.75402e-05,7.47431e-05,9.40092e-05,0.000115254,0.000138386,0.000163302,0.000189894,0.000218046,0.000247635,0.000278531,0.000310599,0.000343699,0.000377687,0.000412412,0.000447725,0.00048347,0.000519491,0.000555631,0.000591731,0.000627633,0.000663181,0.00069822,0.000732595,0.000766157,0.000798759,0.000830258,0.000860517,0.000889404,0.000916791,0.000942559,0.000966596,0.000988796,0.00100906,0.00102731,0.00104345,0.00105742,0.00106916,0.00107861,0.00108573,0.0010905,0.00109289,0.00109289,0.0010905,0.00108573,0.00107861,0.00106916,0.00105742,0.00104345,0.00102731,0.00100906,0.000988796,0.000966596,0.000942559,0.000916791,0.000889404,0.000860517,0.000830258,0.000798759,0.000766157,0.000732595,0.00069822,0.000663181,0.000627633,0.000591731,0.000555631,0.000519491,0.00048347,0.000447725,0.000412412,0.000377687,0.000343699,0.000310599,0.000278531,0.000247635,0.000218046,0.000189894,0.000163302,0.000138386,0.000115254,9.40092e-05,7.47431e-05,5.75402e-05,4.24759e-05,2.96159e-05,1.90166e-05,1.07242e-05,4.775e-06,1.19506e-06,0,
0,4.775e-06,1.90791e-05,4.28498e-05,7.59831e-05,0.000118334,0.000169718,0.000229909,0.000298645,0.000375626,0.000460513,0.000552938,0.000652494,0.000758747,0.000871232,0.000989457,0.00111291,0.00124104,0.00137329,0.00150909,0.00164785,0.00178894,0.00193177,0.00207569,0.00222009,0.00236433,0.00250779,0.00264983,0.00278983,0.00292718,0.00306128,0.00319154,0.0033174,0.00343831,0.00355372,0.00366315,0.00376611,0.00386216,0.00395086,0.00403184,0.00410474,0.00416924,0.00422506,0.00427195,0.00430971,0.00433818,0.00435723,0.00436677,0.00436677,0.00435723,0.00433818,0.00430971,0.00427195,0.00422506,0.00416924,0.00410474,0.00403184,0.00395086,0.00386216,0.00376611,0.00366315,0.00355372,0.00343831,0.0033174,0.00319154,0.00306128,0.00292718,0.00278983,0.00264983,0.00250779,0.00236433,0.00222009,0.00207569,0.00193177,0.00178894,0.00164785,0.00150909,0.00137329,0.00124104,0.00111291,0.000989457,0.000871232,0.000758747,0.000652494,0.000552938,0.000460513,0.000375626,0.000298645,0.000229909,0.000169718,0.000118334,7.59831e-05,4.28498e-05,1.90791e-05,4.775e-06,0,
0,1.07242e-05,4.28498e-05,9.62364e-05,0.000170651,0.000265767,0.000381169,0.000516354,0.000670728,0.000843618,0.00103427,0.00124184,0.00146544,0.00170407,0.0019567,0.00222222,0.00249948,0.00278725,0.00308428,0.00338928,0.0037009,0.00401779,0.00433856,0.0046618,0.00498611,0.00531006,0.00563224,0.00595125,0.00626567,0.00657415,0.00687533,0.00716789,0.00745056,0.0077221,0.00798131,0.00822708,0.00845832,0.00867402,0.00887324,0.00905511,0.00921883,0.00936369,0.00948906,0.00959437,0.00967918,0.00974312,0.0097859,0.00980734,0.00980734,0.0097859,0.00974312,0.00967918,0.00959437,0.00948906,0.00936369,0.00921883,0.00905511,0.00887324,0.00867402,0.00845832,0.00822708,0.00798131,0.0077221,0.00745056,0.00716789,0.00687533,0.00657415,0.00626567,0.00595125,0.00563224,0.00531006,0.00498611,0.0046618,0.00433856,0.00401779,0.0037009,0.00338928,0.00308428,0.00278725,0.00249948,0.00222222,0.0019567,0.00170407,0.00146544,0.00124184,0.00103427,0.000843618,0.000670728,0.000516354,0.000381169,0.000265767,0.000170651,9.62364e-05,4.28498e-05,1.07242e-05,0,
0,1.90166e-05,7.59831e-05,0.000170651,0.000302605,0.000471269,0.000675906,0.00091562,0.00118936,0.00149594,0.00183401,0.00220209,0.00259857,0.00302173,0.00346971,0.00394054,0.00443218,0.00494247,0.00546918,0.00601001,0.0065626,0.00712451,0.00769331,0.0082665,0.00884158,0.00941603,0.00998734,0.010553,0.0111106,0.0116576,0.0121916,0.0127104,0.0132117,0.0136932,0.0141528,0.0145886,0.0149987,0.0153812,0.0157344,0.0160569,0.0163472,0.0166041,0.0168264,0.0170132,0.0171635,0.0172769,0.0173528,0.0173908,0.0173908,0.0173528,0.0172769,0.0171635,0.0170132,0.0168264,0.0166041,0.0163472,0.0160569,0.0157344,0.0153812,0.0149987,0.0145886,0.0141528,0.0136932,0.0132117,0.0127104,0.0121916,0.0116576,0.0111106,0.010553,0.00998734,0.00941603,0.00884158,0.0082665,0.00769331,0.00712451,0.0065626,0.00601001,0.00546918,0.00494247,0.00443218,0.00394054,0.00346971,0.00302173,0.00259857,0.00220209,0.00183401,0.00149594,0.00118936,0.00091562,0.000675906,0.000471269,0.000302605,0.000170651,7.59831e-05,1.90166e-05,0,
0,2.96159e-05,0.000118334,0.000265767,0.000471269,0.000733943,0.00105264,0.00142596,0.00185229,0.00232974,0.00285624,0.00342948,0.00404695,0.00470597,0.00540363,0.0061369,0.00690257,0.00769728,0.00851757,0.00935984,0.0102204,0.0110955,0.0119814,0.012874,0.0137697,0.0146643,0.015554,0.016435,0.0173033,0.0181552,0.0189869,0.0197949,0.0205755,0.0213254,0.0220412,0.0227199,0.0233585,0.0239542,0.0245044,0.0250066,0.0254588,0.0258588,0.026205,0.0264959,0.0267301,0.0269066,0.0270248,0.027084,0.027084,0.0270248,0.0269066,0.0267301,0.0264959,0.026205,0.0258588,0.0254588,0.0250066,0.0245044,0.0239542,0.0233585,0.0227199,0.0220412,0.0213254,0.0205755,0.0197949,0.0189869,0.0181552,0.0173033,0.016435,0.015554,0.0146643,0.0137697,0.012874,0.0119814,0.0110955,0.0102204,0.00935984,0.00851757,0.00769728,0.00690257,0.0061369,0.00540363,0.00470597,0.00404695,0.00342948,0.00285624,0.00232974,0.00185229,0.00142596,0.00105264,0.000733943,0.000471269,0.000265767,0.000118334,2.96159e-05,0,
0,4.24759e-05,0.000169718,0.000381169,0.000675906,0.00105264,0.00150972,0.00204515,0.00265659,0.00334137,0.00409649,0.00491864,0.00580424,0.00674941,0.00775002,0.00880169,0.00989983,0.0110396,0.0122161,0.0134241,0.0146584,0.0159135,0.017184,0.0184643,0.0197488,0.0210319,0.022308,0.0235715,0.0248168,0.0260386,0.0272315,0.0283903,0.0295099,0.0305854,0.0316121,0.0325855,0.0335014,0.0343557,0.0351448,0.0358651,0.0365136,0.0370873,0.0375839,0.038001,0.0383369,0.0385902,0.0387596,0.0388445,0.0388445,0.0387596,0.0385902,0.0383369,0.038001,0.0375839,0.0370873,0.0365136,0.0358651,0.0351448,0.0343557,0.0335014,0.0325855,0.0316121,0.0305854,0.0295099,0.0283903,0.0272315,0.0260386,0.0248168,0.0235715,0.022308,0.0210319,0.0197488,0.0184643,0.017184,0.0159135,0.0146584,0.0134241,0.0122161,0.0110396,0.00989983,0.00880169,0.00775002,0.00674941,0.00580424,0.00491864,0.00409649,0.00334137,0.00265659,0.00204515,0.00150972,0.00105264,0.000675906,0.000381169,0.000169718,4.24759e-05,0,
0,5.75402e-05,0.000229909,0.000516354,0.00091562,0.00142596,0.00204515,0.00277048,0.00359877,0.00452641,0.00554933,0.00666307,0.00786275,0.00914313,0.0104986,0.0119233,0.0134109,0.0149549,0.0165486,0.0181851,0.0198571,0.0215573,0.0232784,0.0250127,0.0267528,0.028491,0.0302196,0.0319312,0.0336183,0.0352734,0.0368894,0.0384591,0.0399757,0.0414327,0.0428235,0.0441421,0.0453828,0.0465402,0.0476091,0.0485849,0.0494634,0.0502406,0.0509132,0.0514783,0.0519334,0.0522764,0.0525059,0.0526209,0.0526209,0.0525059,0.0522764,0.0519334,0.0514783,0.0509132,0.0502406,0.0494634,0.0485849,0.0476091,0.0465402,0.0453828,0.0441421,0.0428235,0.0414327,0.0399757,0.0384591,0.0368894,0.0352734,0.0336183,0.0319312,0.0302196,0.028491,0.0267528,0.0250127,0.0232784,0.0215573,0.0198571,0.0181851,0.0165486,0.0149549,0.0134109,0.0119233,0.0104986,0.00914313,0.00786275,0.00666307,0.00554933,0.00452641,0.00359877,0.00277048,0.00204515,0.00142596,0.00091562,0.000516354,0.000229909,5.75402e-05,0,
0,7.47431e-05,0.000298645,0.000670728,0.00118936,0.00185229,0.00265659,0.00359877,0.0046747,0.00587967,0.00720842,0.00865513,0.0102135,0.0118767,0.0136374,0.015488,0.0174203,0.019426,0.0214962,0.0236219,0.0257937,0.0280023,0.0302379,0.0324908,0.0347511,0.0370089,0.0392544,0.0414777,0.0436691,0.0458191,0.0479182,0.0499572,0.0519273,0.0538198,0.0556265,0.0573393,0.058951,0.0604543,0.0618428,0.0631104,0.0642515,0.0652611,0.0661348,0.0668688,0.0674599,0.0679055,0.0682037,0.0683531,0.0683531,0.0682037,0.0679055,0.0674599,0.0668688,0.0661348,0.0652611,0.0642515,0.0631104,0.0618428,0.0604543,0.058951,0.0573393,0.0556265,0.0538198,0.0519273,0.0499572,0.0479182,0.0458191,0.0436691,0.0414777,0.0392544,0.0370089,0.0347511,0.0324908,0.0302379,0.0280023,0.0257937,0.0236219,0.0214962,0.019426,0.0174203,0.015488,0.0136374,0.0118767,0.0102135,0.00865513,0.00720842,0.00587967,0.0046747,0.00359877,0.00265659,0.00185229,0.00118936,0.000670728,0.000298645,7.47431e-05,0,
0,9.40092e-05,0.000375626,0.000843618,0.00149594,0.00232974,0.00334137,0.00452641,0.00587967,0.00739524,0.00906649,0.0108861,0.0128462,0.014938,0.0171526,0.0194802,0.0219107,0.0244333,0.0270371,0.0297107,0.0324425,0.0352203,0.0380322,0.0408658,0.0437087,0.0465485,0.0493728,0.0521692,0.0549255,0.0576296,0.0602698,0.0628344,0.0653123,0.0676927,0.069965,0.0721194,0.0741465,0.0760373,0.0777837,0.079378,0.0808132,0.0820831,0.083182,0.0841052,0.0848487,0.0854092,0.0857842,0.0859721,0.0859721,0.0857842,0.0854092,0.0848487,0.0841052,0.083182,0.0820831,0.0808132,0.079378,0.0777837,0.0760373,0.0741465,0.0721194,0.069965,0.0676927,0.0653123,0.0628344,0.0602698,0.0576296,0.0549255,0.0521692,0.0493728,0.0465485,0.0437087,0.0408658,0.0380322,0.0352203,0.0324425,0.0297107,0.0270371,0.0244333,0.0219107,0.0194802,0.0171526,0.014938,0.0128462,0.0108861,0.00906649,0.00739524,0.00587967,0.00452641,0.00334137,0.00232974,0.00149594,0.000843618,0.000375626,9.40092e-05,0,
0,0.000115254,0.000460513,0.00103427,0.00183401,0.00285624,0.00409649,0.00554933,0.00720842,0.00906649,0.0111154,0.0133463,0.0157493,0.0183139,0.021029,0.0238826,0.0268623,0.029955,0.0331473,0.0364251,0.0397741,0.0431798,0.0466271,0.0501011,0.0535865,0.057068,0.0605306,0.0639589,0.0673381,0.0706534,0.0738902,0.0770344,0.0800723,0.0829905,0.0857764,0.0884177,0.0909029,0.093221,0.0953621,0.0973167,0.0990762,0.100633,0.10198,0.103112,0.104024,0.104711,0.105171,0.105401,0.105401,0.105171,0.104711,0.104024,0.103112,0.10198,0.100633,0.0990762,0.0973167,0.0953621,0.093221,0.0909029,0.0884177,0.0857764,0.0829905,0.0800723,0.0770344,0.0738902,0.0706534,0.0673381,0.0639589,0.0605306,0.057068,0.0535865,0.0501011,0.0466271,0.0431798,0.0397741,0.0364251,0.0331473,0.029955,0.0268623,0.0238826,0.021029,0.0183139,0.0157493,0.0133463,0.0111154,0.00906649,0.00720842,0.00554933,0.00409649,0.00285624,0.00183401,0.00103427,0.000460513,0.000115254,0,
0,0.000138386,0.000552938,0.00124184,0.00220209,0.00342948,0.00491864,0.00666307,0.00865513,0.0108861,0.0133463,0.0160248,0.0189101,0.0219895,0.0252494,0.0286757,0.0322535,0.0359669,0.0397998,0.0437355,0.0477567,0.0518459,0.0559851,0.0601562,0.0643411,0.0685215,0.0726789,0.0767954,0.0808527,0.0848334,0.0887198,0.092495,0.0961426,0.0996466,0.102992,0.106163,0.109147,0.11193,0.114501,0.116848,0.118961,0.12083,0.122448,0.123807,0.124901,0.125726,0.126278,0.126555,0.126555,0.126278,0.125726,0.124901,0.123807,0.122448,0.12083,0.118961,0.116848,0.114501,0.11193,0.109147,0.106163,0.102992,0.0996466,0.0961426,0.092495,0.0887198,0.0848334,0.0808527,0.0767954,0.0726789,0.0685215,0.0643411,0.0601562,0.0559851,0.0518459,0.0477567,0.0437355,0.0397998,0.0359669,0.0322535,0.0286757,0.0252494,0.0219895,0.0189101,0.0160248,0.0133463,0.0108861,0.00865513,0.00666307,0.00491864,0.00342948,0.00220209,0.00124184,0.000552938,0.000138386,0,
0,0.000163302,0.000652494,0.00146544,0.00259857,0.00404695,0.00580424,0.00786275,0.0102135,0.0128462,0.0157493,0.0189101,0.0223149,0.0259486,0.0297956,0.0338388,0.0380607,0.0424427,0.0469658,0.0516101,0.0563553,0.0611807,0.0660652,0.0709874,0.0759257,0.0808587,0.0857647,0.0906223,0.0954103,0.100108,0.104694,0.109149,0.113453,0.117588,0.121535,0.125278,0.128799,0.132083,0.135117,0.137886,0.140379,0.142585,0.144494,0.146098,0.147389,0.148363,0.149014,0.149341,0.149341,0.149014,0.148363,0.147389,0.146098,0.144494,0.142585,0.140379,0.137886,0.135117,0.132083,0.128799,0.125278,0.121535,0.117588,0.113453,0.109149,0.104694,0.100108,0.0954103,0.0906223,0.0857647,0.0808587,0.0759257,0.0709874,0.0660652,0.0611807,0.0563553,0.0516101,0.0469658,0.0424427,0.0380607,0.0338388,0.0297956,0.0259486,0.0223149,0.0189101,0.0157493,0.0128462,0.0102135,0.00786275,0.00580424,0.00404695,0.00259857,0.00146544,0.000652494,0.000163302,0,
0,0.000189894,0.000758747,0.00170407,0.00302173,0.00470597,0.00674941,0.00914313,0.0118767,0.014938,0.0183139,0.0219895,0.0259486,0.0301742,0.0346475,0.0393492,0.0442585,0.0493542,0.0546138,0.0600143,0.0655323,0.0711434,0.0768233,0.082547,0.0882896,0.0940259,0.0997308,0.105379,0.110947,0.116409,0.121742,0.126923,0.131928,0.136736,0.141326,0.145678,0.149772,0.153592,0.15712,0.16034,0.163239,0.165804,0.168024,0.169889,0.17139,0.172523,0.17328,0.17366,0.17366,0.17328,0.172523,0.17139,0.169889,0.168024,0.165804,0.163239,0.16034,0.15712,0.153592,0.149772,0.145678,0.141326,0.136736,0.131928,0.126923,0.121742,0.116409,0.110947,0.105379,0.0997308,0.0940259,0.0882896,0.082547,0.0768233,0.0711434,0.0655323,0.0600143,0.0546138,0.0493542,0.0442585,0.0393492,0.0346475,0.0301742,0.0259486,0.0219895,0.0183139,0.014938,0.0118767,0.00914313,0.00674941,0.00470597,0.00302173,0.00170407,0.000758747,0.000189894,0,
0,0.000218046,0.000871232,0.0019567,0.00346971,0.00540363,0.00775002,0.0104986,0.0136374,0.0171526,0.021029,0.0252494,0.0297956,0.0346475,0.0397841,0.0451827,0.0508199,0.056671,0.0627103,0.0689115,0.0752475,0.0816905,0.0882125,0.0947847,0.101379,0.107965,0.114516,0.121002,0.127395,0.133667,0.139791,0.145739,0.151486,0.157007,0.162278,0.167275,0.171976,0.176362,0.180413,0.184111,0.187439,0.190385,0.192934,0.195075,0.196799,0.198099,0.198969,0.199405,0.199405,0.198969,0.198099,0.196799,0.195075,0.192934,0.190385,0.187439,0.184111,0.180413,0.176362,0.171976,0.167275,0.162278,0.157007,0.151486,0.145739,0.139791,0.133667,0.127395,0.121002,0.114516,0.107965,0.101379,0.0947847,0.0882125,0.0816905,0.0752475,0.0689115,0.0627103,0.056671,0.0508199,0.0451827,0.0397841,0.0346475,0.0297956,0.0252494,0.021029,0.0171526,0.0136374,0.0104986,0.00775002,0.00540363,0.00346971,0.0019567,0.000871232,0.000218046,0,
0,0.000247635,0.000989457,0.00222222,0.00394054,0.0061369,0.00880169,0.0119233,0.015488,0.0194802,0.0238826,0.0286757,0.0338388,0.0393492,0.0451827,0.051314,0.0577161,0.0643612,0.0712201,0.0782628,0.0854585,0.0927759,0.100183,0.107647,0.115136,0.122616,0.130056,0.137422,0.144682,0.151806,0.15876,0.165516,0.172043,0.178313,0.184299,0.189974,0.195314,0.200294,0.204895,0.209094,0.212875,0.21622,0.219114,0.221546,0.223505,0.224981,0.225969,0.226464,0.226464,0.225969,0.224981,0.223505,0.221546,0.219114,0.21622,0.212875,0.209094,0.204895,0.200294,0.195314,0.189974,0.184299,0.178313,0.172043,0.165516,0.15876,0.151806,0.144682,0.137422,0.130056,0.122616,0.115136,0.107647,0.100183,0.0927759,0.0854585,0.0782628,0.0712201,0.0643612,0.0577161,0.051314,0.0451827,0.0393492,0.0338388,0.0286757,0.0238826,0.0194802,0.015488,0.0119233,0.00880169,0.0061369,0.00394054,0.00222222,0.000989457,0.000247635,0,
0,0.000278531,0.00111291,0.00249948,0.00443218,0.00690257,0.00989983,0.0134109,0.0174203,0.0219107,0.0268623,0.0322535,0.0380607,0.0442585,0.0508199,0.0577161,0.0649171,0.0723912,0.0801058,0.0880272,0.0961207,0.104351,0.112682,0.121077,0.1295,0.137914,0.146282,0.154567,0.162734,0.170745,0.178568,0.186166,0.193508,0.20056,0.207293,0.213676,0.219682,0.225284,0.230458,0.235182,0.239434,0.243196,0.246452,0.249187,0.25139,0.253051,0.254162,0.254719,0.254719,0.254162,0.253051,0.25139,0.249187,0.246452,0.243196,0.239434,0.235182,0.230458,0.225284,0.219682,0.213676,0.207293,0.20056,0.193508,0.186166,0.178568,0.170745,0.162734,0.154567,0.146282,0.137914,0.1295,0.121077,0.112682,0.104351,0.0961207,0.0880272,0.0801058,0.0723912,0.0649171,0.0577161,0.0508199,0.0442585,0.0380607,0.0322535,0.0268623,0.0219107,0.0174203,0.0134109,0.00989983,0.00690257,0.00443218,0.00249948,0.00111291,0.000278531,0,
0,0.000310599,0.00124104,0.00278725,0.00494247,0.00769728,0.0110396,0.0149549,0.019426,0.0244333,0.029955,0.0359669,0.0424427,0.0493542,0.056671,0.0643612,0.0723912,0.0807258,0.0893286,0.098162,0.107187,0.116365,0.125656,0.135017,0.14441,0.153793,0.163124,0.172363,0.18147,0.190404,0.199127,0.2076,0.215787,0.223651,0.231159,0.238277,0.244974,0.251222,0.256992,0.262259,0.267001,0.271196,0.274827,0.277877,0.280334,0.282185,0.283424,0.284045,0.284045,0.283424,0.282185,0.280334,0.277877,0.274827,0.271196,0.267001,0.262259,0.256992,0.251222,0.244974,0.238277,0.231159,0.223651,0.215787,0.2076,0.199127,0.190404,0.18147,0.172363,0.163124,0.153793,0.14441,0.135017,0.125656,0.116365,0.107187,0.098162,0.0893286,0.0807258,0.0723912,0.0643612,0.056671,0.0493542,0.0424427,0.0359669,0.029955,0.0244333,0.019426,0.0149549,0.0110396,0.00769728,0.00494247,0.00278725,0.00124104,0.000310599,0,
0,0.000343699,0.00137329,0.00308428,0.00546918,0.00851757,0.0122161,0.0165486,0.0214962,0.0270371,0.0331473,0.0397998,0.0469658,0.0546138,0.0627103,0.0712201,0.0801058,0.0893286,0.0988482,0.108623,0.11861,0.128766,0.139046,0.149406,0.1598,0.170182,0.180508,0.190732,0.200809,0.210695,0.220347,0.229724,0.238783,0.247486,0.255793,0.26367,0.271081,0.277994,0.284379,0.290207,0.295455,0.300097,0.304115,0.30749,0.310208,0.312257,0.313628,0.314315,0.314315,0.313628,0.312257,0.310208,0.30749,0.304115,0.300097,0.295455,0.290207,0.284379,0.277994,0.271081,0.26367,0.255793,0.247486,0.238783,0.229724,0.220347,0.210695,0.200809,0.190732,0.180508,0.170182,0.1598,0.149406,0.139046,0.128766,0.11861,0.108623,0.0988482,0.0893286,0.0801058,0.0712201,0.0627103,0.0546138,0.0469658,0.0397998,0.0331473,0.0270371,0.0214962,0.0165486,0.0122161,0.00851757,0.00546918,0.00308428,0.00137329,0.000343699,0,
0,0.000377687,0.00150909,0.00338928,0.00601001,0.00935984,0.0134241,0.0181851,0.0236219,0.0297107,0.0364251,0.0437355,0.0516101,0.0600143,0.0689115,0.0782628,0.0880272,0.098162,0.108623,0.119364,0.130339,0.141499,0.152796,0.16418,0.175602,0.187011,0.198358,0.209592,0.220666,0.23153,0.242137,0.25244,0.262396,0.271959,0.281088,0.289743,0.297887,0.305484,0.3125,0.318905,0.324671,0.329773,0.334188,0.337897,0.340884,0.343135,0.344642,0.345397,0.345397,0.344642,0.343135,0.340884,0.337897,0.334188,0.329773,0.324671,0.318905,0.3125,0.305484,0.297887,0.289743,0.281088,0.271959,0.262396,0.25244,0.242137,0.23153,0.220666,0.209592,0.198358,0.187011,0.175602,0.16418,0.152796,0.141499,0.130339,0.119364,0.108623,0.098162,0.0880272,0.0782628,0.0689115,0.0600143,0.0516101,0.0437355,0.0364251,0.0297107,0.0236219,0.0181851,0.0134241,0.00935984,0.00601001,0.00338928,0.00150909,0.000377687,0,
0,0.000412412,0.00164785,0.0037009,0.0065626,0.0102204,0.0146584,0.0198571,0.0257937,0.0324425,0.0397741,0.0477567,0.0563553,0.0655323,0.0752475,0.0854585,0.0961207,0.107187,0.11861,0.130339,0.142323,0.154509,0.166845,0.179276,0.191747,0.204205,0.216595,0.228863,0.240955,0.252818,0.2644,0.275651,0.286521,0.296963,0.306932,0.316383,0.325276,0.333571,0.341232,0.348226,0.354523,0.360093,0.364914,0.368964,0.372226,0.374685,0.37633,0.377154,0.377154,0.37633,0.374685,0.372226,0.368964,0.364914,0.360093,0.354523,0.348226,0.341232,0.333571,0.325276,0.316383,0.306932,0.296963,0.286521,0.275651,0.2644,0.252818,0.240955,0.228863,0.216595,0.204205,0.191747,0.179276,0.166845,0.154509,0.142323,0.130339,0.11861,0.107187,0.0961207,0.0854585,0.0752475,0.0655323,0.0563553,0.0477567,0.0397741,0.0324425,0.0257937,0.0198571,0.0146584,0.0102204,0.0065626,0.0037009,0.00164785,0.000412412,0,
0,0.000447725,0.00178894,0.00401779,0.00712451,0.0110955,0.0159135,0.0215573,0.0280023,0.0352203,0.0431798,0.0518459,0.0611807,0.0711434,0.0816905,0.0927759,0.104351,0.116365,0.128766,0.141499,0.154509,0.167739,0.181131,0.194626,0.208166,0.22169,0.235141,0.248459,0.261586,0.274465,0.287039,0.299253,0.311054,0.322391,0.333213,0.343473,0.353128,0.362133,0.37045,0.378043,0.384878,0.390926,0.39616,0.400557,0.404098,0.406767,0.408553,0.409448,0.409448,0.408553,0.406767,0.404098,0.400557,0.39616,0.390926,0.384878,0.378043,0.37045,0.362133,0.353128,0.343473,0.333213,0.322391,0.311054,0.299253,0.287039,0.274465,0.261586,0.248459,0.235141,0.22169,0.208166,0.194626,0.181131,0.167739,0.154509,0.141499,0.128766,0.116365,0.104351,0.0927759,0.0816905,0.0711434,0.0611807,0.0518459,0.0431798,0.0352203,0.0280023,0.0215573,0.0159135,0.0110955,0.00712451,0.00401779,0.00178894,0.000447725,0,
0,0.00048347,0.00193177,0.00433856,0.00769331,0.0119814,0.017184,0.0232784,0.0302379,0.0380322,0.0466271,0.0559851,0.0660652,0.0768233,0.0882125,0.100183,0.112682,0.125656,0.139046,0.152796,0.166845,0.181131,0.195592,0.210164,0.224785,0.23939,0.253914,0.268296,0.282471,0.296377,0.309955,0.323145,0.335888,0.348129,0.359816,0.370895,0.38132,0.391044,0.400026,0.408225,0.415606,0.422136,0.427788,0.432536,0.436359,0.439242,0.44117,0.442137,0.442137,0.44117,0.439242,0.436359,0.432536,0.427788,0.422136,0.415606,0.408225,0.400026,0.391044,0.38132,0.370895,0.359816,0.348129,0.335888,0.323145,0.309955,0.296377,0.282471,0.268296,0.253914,0.23939,0.224785,0.210164,0.195592,0.181131,0.166845,0.152796,0.139046,0.125656,0.112682,0.100183,0.0882125,0.0768233,0.0660652,0.0559851,0.0466271,0.0380322,0.0302379,0.0232784,0.017184,0.0119814,0.00769331,0.00433856,0.00193177,0.00048347,0,
0,0.000519491,0.00207569,0.0046618,0.0082665,0.012874,0.0184643,0.0250127,0.0324908,0.0408658,0.0501011,0.0601562,0.0709874,0.082547,0.0947847,0.107647,0.121077,0.135017,0.149406,0.16418,0.179276,0.194626,0.210164,0.225823,0.241533,0.257225,0.272832,0.288285,0.303516,0.318459,0.333049,0.347221,0.360913,0.374067,0.386624,0.398529,0.40973,0.420179,0.42983,0.43864,0.446571,0.453588,0.45966,0.464762,0.46887,0.471968,0.47404,0.475078,0.475078,0.47404,0.471968,0.46887,0.464762,0.45966,0.453588,0.446571,0.43864,0.42983,0.420179,0.40973,0.398529,0.386624,0.374067,0.360913,0.347221,0.333049,0.318459,0.303516,0.288285,0.272832,0.257225,0.241533,0.225823,0.210164,0.194626,0.179276,0.16418,0.149406,0.135017,0.121077,0.107647,0.0947847,0.082547,0.0709874,0.0601562,0.0501011,0.0408658,0.0324908,0.0250127,0.0184643,0.012874,0.0082665,0.0046618,0.00207569,0.000519491,0,
0,0.000555631,0.00222009,0.00498611,0.00884158,0.0137697,0.0197488,0.0267528,0.0347511,0.0437087,0.0535865,0.0643411,0.0759257,0.0882896,0.101379,0.115136,0.1295,0.14441,0.1598,0.175602,0.191747,0.208166,0.224785,0.241533,0.258335,0.27512,0.291812,0.30834,0.324631,0.340613,0.356218,0.371376,0.386021,0.40009,0.41352,0.426253,0.438234,0.44941,0.459732,0.469155,0.477637,0.485142,0.491638,0.497094,0.501488,0.504801,0.507017,0.508128,0.508128,0.507017,0.504801,0.501488,0.497094,0.491638,0.485142,0.477637,0.469155,0.459732,0.44941,0.438234,0.426253,0.41352,0.40009,0.386021,0.371376,0.356218,0.340613,0.324631,0.30834,0.291812,0.27512,0.258335,0.241533,0.224785,0.208166,0.191747,0.175602,0.1598,0.14441,0.1295,0.115136,0.101379,0.0882896,0.0759257,0.0643411,0.0535865,0.0437087,0.0347511,0.0267528,0.0197488,0.0137697,0.00884158,0.00498611,0.00222009,0.000555631,0,
0,0.000591731,0.00236433,0.00531006,0.00941603,0.0146643,0.0210319,0.028491,0.0370089,0.0465485,0.057068,0.0685215,0.0808587,0.0940259,0.107965,0.122616,0.137914,0.153793,0.170182,0.187011,0.204205,0.22169,0.23939,0.257225,0.27512,0.292995,0.310772,0.328373,0.345723,0.362743,0.379362,0.395504,0.411101,0.426084,0.440387,0.453948,0.466707,0.478609,0.489601,0.499636,0.50867,0.516663,0.52358,0.529391,0.534071,0.537598,0.539959,0.541142,0.541142,0.539959,0.537598,0.534071,0.529391,0.52358,0.516663,0.50867,0.499636,0.489601,0.478609,0.466707,0.453948,0.440387,0.426084,0.411101,0.395504,0.379362,0.362743,0.345723,0.328373,0.310772,0.292995,0.27512,0.257225,0.23939,0.22169,0.204205,0.187011,0.170182,0.153793,0.137914,0.122616,0.107965,0.0940259,0.0808587,0.0685215,0.057068,0.0465485,0.0370089,0.028491,0.0210319,0.0146643,0.00941603,0.00531006,0.00236433,0.000591731,0,
0,0.000627633,0.00250779,0.00563224,0.00998734,0.015554,0.022308,0.0302196,0.0392544,0.0493728,0.0605306,0.0726789,0.0857647,0.0997308,0.114516,0.130056,0.146282,0.163124,0.180508,0.198358,0.216595,0.235141,0.253914,0.272832,0.291812,0.310772,0.329627,0.348297,0.366699,0.384752,0.402379,0.419501,0.436044,0.451936,0.467107,0.48149,0.495024,0.507648,0.519307,0.529951,0.539533,0.548011,0.555348,0.561511,0.566475,0.570217,0.57272,0.573975,0.573975,0.57272,0.570217,0.566475,0.561511,0.555348,0.548011,0.539533,0.529951,0.519307,0.507648,0.495024,0.48149,0.467107,0.451936,0.436044,0.419501,0.402379,0.384752,0.366699,0.348297,0.329627,0.310772,0.291812,0.272832,0.253914,0.235141,0.216595,0.198358,0.180508,0.163124,0.146282,0.130056,0.114516,0.0997308,0.0857647,0.0726789,0.0605306,0.0493728,0.0392544,0.0302196,0.022308,0.015554,0.00998734,0.00563224,0.00250779,0.000627633,0,
0,0.000663181,0.00264983,0.00595125,0.010553,0.016435,0.0235715,0.0319312,0.0414777,0.0521692,0.0639589,0.0767954,0.0906223,0.105379,0.121002,0.137422,0.154567,0.172363,0.190732,0.209592,0.228863,0.248459,0.268296,0.288285,0.30834,0.328373,0.348297,0.368024,0.387468,0.406544,0.425169,0.443261,0.460741,0.477533,0.493563,0.508761,0.523061,0.5364,0.54872,0.559967,0.570091,0.579049,0.586802,0.593314,0.598559,0.602513,0.605158,0.606484,0.606484,0.605158,0.602513,0.598559,0.593314,0.586802,0.579049,0.570091,0.559967,0.54872,0.5364,0.523061,0.508761,0.493563,0.477533,0.460741,0.443261,0.425169,0.406544,0.387468,0.368024,0.348297,0.328373,0.30834,0.288285,0.268296,0.248459,0.228863,0.209592,0.190732,0.172363,0.154567,0.137422,0.121002,0.105379,0.0906223,0.0767954,0.0639589,0.0521692,0.0414777,0.0319312,0.0235715,0.016435,0.010553,0.00595125,0.00264983,0.000663181,0,
0,0.00069822,0.00278983,0.00626567,0.0111106,0.0173033,0.0248168,0.0336183,0.0436691,0.0549255,0.0673381,0.0808527,0.0954103,0.110947,0.127395,0.144682,0.162734,0.18147,0.200809,0.220666,0.240955,0.261586,0.282471,0.303516,0.324631,0.345723,0.366699,0.387468,0.40794,0.428024,0.447632,0.46668,0.485084,0.502763,0.51964,0.535641,0.550696,0.56474,0.577711,0.589552,0.600211,0.609643,0.617805,0.624661,0.630183,0.634346,0.637131,0.638527,0.638527,0.637131,0.634346,0.630183,0.624661,0.617805,0.609643,0.600211,0.589552,0.577711,0.56474,0.550696,0.535641,0.51964,0.502763,0.485084,0.46668,0.447632,0.428024,0.40794,0.387468,0.366699,0.345723,0.324631,0.303516,0.282471,0.261586,0.240955,0.220666,0.200809,0.18147,0.162734,0.144682,0.127395,0.110947,0.0954103,0.0808527,0.0673381,0.0549255,0.0436691,0.0336183,0.0248168,0.0173033,0.0111106,0.00626567,0.00278983,0.00069822,0,
0,0.000732595,0.00292718,0.00657415,0.0116576,0.0181552,0.0260386,0.0352734,0.0458191,0.0576296,0.0706534,0.0848334,0.100108,0.116409,0.133667,0.151806,0.170745,0.190404,0.210695,0.23153,0.252818,0.274465,0.296377,0.318459,0.340613,0.362743,0.384752,0.406544,0.428024,0.449096,0.469671,0.489656,0.508966,0.527515,0.545223,0.562012,0.577809,0.592544,0.606153,0.618577,0.629761,0.639657,0.648221,0.655415,0.661209,0.665577,0.668499,0.669963,0.669963,0.668499,0.665577,0.661209,0.655415,0.648221,0.639657,0.629761,0.618577,0.606153,0.592544,0.577809,0.562012,0.545223,0.527515,0.508966,0.489656,0.469671,0.449096,0.428024,0.406544,0.384752,0.362743,0.340613,0.318459,0.296377,0.274465,0.252818,0.23153,0.210695,0.190404,0.170745,0.151806,0.133667,0.116409,0.100108,0.0848334,0.0706534,0.0576296,0.0458191,0.0352734,0.0260386,0.0181552,0.0116576,0.00657415,0.00292718,0.000732595,0,
0,0.000766157,0.00306128,0.00687533,0.0121916,0.0189869,0.0272315,0.0368894,0.0479182,0.0602698,0.0738902,0.0887198,0.104694,0.121742,0.139791,0.15876,0.178568,0.199127,0.220347,0.242137,0.2644,0.287039,0.309955,0.333049,0.356218,0.379362,0.402379,0.425169,0.447632,0.469671,0.491188,0.512089,0.532283,0.551682,0.570201,0.587759,0.60428,0.61969,0.633923,0.646916,0.658612,0.668961,0.677918,0.685442,0.691501,0.696068,0.699125,0.700656,0.700656,0.699125,0.696068,0.691501,0.685442,0.677918,0.668961,0.658612,0.646916,0.633923,0.61969,0.60428,0.587759,0.570201,0.551682,0.532283,0.512089,0.491188,0.469671,0.447632,0.425169,0.402379,0.379362,0.356218,0.333049,0.309955,0.287039,0.2644,0.242137,0.220347,0.199127,0.178568,0.15876,0.139791,0.121742,0.104694,0.0887198,0.0738902,0.0602698,0.0479182,0.0368894,0.0272315,0.0189869,0.0121916,0.00687533,0.00306128,0.000766157,0,
0,0.000798759,0.00319154,0.00716789,0.0127104,0.0197949,0.0283903,0.0384591,0.0499572,0.0628344,0.0770344,0.092495,0.109149,0.126923,0.145739,0.165516,0.186166,0.2076,0.229724,0.25244,0.275651,0.299253,0.323145,0.347221,0.371376,0.395504,0.419501,0.443261,0.46668,0.489656,0.512089,0.533879,0.554933,0.575158,0.594465,0.61277,0.629993,0.646059,0.660898,0.674444,0.686638,0.697427,0.706765,0.714609,0.720926,0.725688,0.728874,0.730471,0.730471,0.728874,0.725688,0.720926,0.714609,0.706765,0.697427,0.686638,0.674444,0.660898,0.646059,0.629993,0.61277,0.594465,0.575158,0.554933,0.533879,0.512089,0.489656,0.46668,0.443261,0.419501,0.395504,0.371376,0.347221,0.323145,0.299253,0.275651,0.25244,0.229724,0.2076,0.186166,0.165516,0.145739,0.126923,0.109149,0.092495,0.0770344,0.0628344,0.0499572,0.0384591,0.0283903,0.0197949,0.0127104,0.00716789,0.00319154,0.000798759,0,
0,0.000830258,0.0033174,0.00745056,0.0132117,0.0205755,0.0295099,0.0399757,0.0519273,0.0653123,0.0800723,0.0961426,0.113453,0.131928,0.151486,0.172043,0.193508,0.215787,0.238783,0.262396,0.286521,0.311054,0.335888,0.360913,0.386021,0.411101,0.436044,0.460741,0.485084,0.508966,0.532283,0.554933,0.576817,0.597839,0.617908,0.636935,0.654837,0.671537,0.68696,0.701041,0.713716,0.724931,0.734636,0.74279,0.749356,0.754306,0.757618,0.759277,0.759277,0.757618,0.754306,0.749356,0.74279,0.734636,0.724931,0.713716,0.701041,0.68696,0.671537,0.654837,0.636935,0.617908,0.597839,0.576817,0.554933,0.532283,0.508966,0.485084,0.460741,0.436044,0.411101,0.386021,0.360913,0.335888,0.311054,0.286521,0.262396,0.238783,0.215787,0.193508,0.172043,0.151486,0.131928,0.113453,0.0961426,0.0800723,0.0653123,0.0519273,0.0399757,0.0295099,0.0205755,0.0132117,0.00745056,0.0033174,0.000830258,0,
0,0.000860517,0.00343831,0.0077221,0.0136932,0.0213254,0.0305854,0.0414327,0.0538198,0.0676927,0.0829905,0.0996466,0.117588,0.136736,0.157007,0.178313,0.20056,0.223651,0.247486,0.271959,0.296963,0.322391,0.348129,0.374067,0.40009,0.426084,0.451936,0.477533,0.502763,0.527515,0.551682,0.575158,0.597839,0.619628,0.640428,0.660148,0.678703,0.696011,0.711997,0.72659,0.739727,0.751351,0.76141,0.769861,0.776666,0.781796,0.785229,0.786949,0.786949,0.785229,0.781796,0.776666,0.769861,0.76141,0.751351,0.739727,0.72659,0.711997,0.696011,0.678703,0.660148,0.640428,0.619628,0.597839,0.575158,0.551682,0.527515,0.502763,0.477533,0.451936,0.426084,0.40009,0.374067,0.348129,0.322391,0.296963,0.271959,0.247486,0.223651,0.20056,0.178313,0.157007,0.136736,0.117588,0.0996466,0.0829905,0.0676927,0.0538198,0.0414327,0.0305854,0.0213254,0.0136932,0.0077221,0.00343831,0.000860517,0,
0,0.000889404,0.00355372,0.00798131,0.0141528,0.0220412,0.0316121,0.0428235,0.0556265,0.069965,0.0857764,0.102992,0.121535,0.141326,0.162278,0.184299,0.207293,0.231159,0.255793,0.281088,0.306932,0.333213,0.359816,0.386624,0.41352,0.440387,0.467107,0.493563,0.51964,0.545223,0.570201,0.594465,0.617908,0.640428,0.661926,0.682308,0.701486,0.719375,0.735897,0.750981,0.764559,0.776573,0.786969,0.795704,0.802738,0.80804,0.811588,0.813366,0.813366,0.811588,0.80804,0.802738,0.795704,0.786969,0.776573,0.764559,0.750981,0.735897,0.719375,0.701486,0.682308,0.661926,0.640428,0.617908,0.594465,0.570201,0.545223,0.51964,0.493563,0.467107,0.440387,0.41352,0.386624,0.359816,0.333213,0.306932,0.281088,0.255793,0.231159,0.207293,0.184299,0.162278,0.141326,0.121535,0.102992,0.0857764,0.069965,0.0556265,0.0428235,0.0316121,0.0220412,0.0141528,0.00798131,0.00355372,0.000889404,0,
0,0.000916791,0.00366315,0.00822708,0.0145886,0.0227199,0.0325855,0.0441421,0.0573393,0.0721194,0.0884177,0.106163,0.125278,0.145678,0.167275,0.189974,0.213676,0.238277,0.26367,0.289743,0.316383,0.343473,0.370895,0.398529,0.426253,0.453948,0.48149,0.508761,0.535641,0.562012,0.587759,0.61277,0.636935,0.660148,0.682308,0.703318,0.723087,0.741527,0.758558,0.774105,0.788102,0.800485,0.811202,0.820206,0.827456,0.832922,0.836579,0.838412,0.838412,0.836579,0.832922,0.827456,0.820206,0.811202,0.800485,0.788102,0.774105,0.758558,0.741527,0.723087,0.703318,0.682308,0.660148,0.636935,0.61277,0.587759,0.562012,0.535641,0.508761,0.48149,0.453948,0.426253,0.398529,0.370895,0.343473,0.316383,0.289743,0.26367,0.238277,0.213676,0.189974,0.167275,0.145678,0.125278,0.106163,0.0884177,0.0721194,0.0573393,0.0441421,0.0325855,0.0227199,0.0145886,0.00822708,0.00366315,0.000916791,0,
0,0.000942559,0.00376611,0.00845832,0.0149987,0.0233585,0.0335014,0.0453828,0.058951,0.0741465,0.0909029,0.109147,0.128799,0.149772,0.171976,0.195314,0.219682,0.244974,0.271081,0.297887,0.325276,0.353128,0.38132,0.40973,0.438234,0.466707,0.495024,0.523061,0.550696,0.577809,0.60428,0.629993,0.654837,0.678703,0.701486,0.723087,0.743411,0.762369,0.779879,0.795863,0.810253,0.822985,0.834003,0.843259,0.850714,0.856333,0.860093,0.861977,0.861977,0.860093,0.856333,0.850714,0.843259,0.834003,0.822985,0.810253,0.795863,0.779879,0.762369,0.743411,0.723087,0.701486,0.678703,0.654837,0.629993,0.60428,0.577809,0.550696,0.523061,0.495024,0.466707,0.438234,0.40973,0.38132,0.353128,0.325276,0.297887,0.271081,0.244974,0.219682,0.195314,0.171976,0.149772,0.128799,0.109147,0.0909029,0.0741465,0.058951,0.0453828,0.0335014,0.0233585,0.0149987,0.00845832,0.00376611,0.000942559,0,
0,0.000966596,0.00386216,0.00867402,0.0153812,0.0239542,0.0343557,0.0465402,0.0604543,0.0760373,0.093221,0.11193,0.132083,0.153592,0.176362,0.200294,0.225284,0.251222,0.277994,0.305484,0.333571,0.362133,0.391044,0.420179,0.44941,0.478609,0.507648,0.5364,0.56474,0.592544,0.61969,0.646059,0.671537,0.696011,0.719375,0.741527,0.762369,0.781811,0.799767,0.816159,0.830916,0.843972,0.855271,0.864764,0.872408,0.878171,0.882027,0.883959,0.883959,0.882027,0.878171,0.872408,0.864764,0.855271,0.843972,0.830916,0.816159,0.799767,0.781811,0.762369,0.741527,0.719375,0.696011,0.671537,0.646059,0.61969,0.592544,0.56474,0.5364,0.507648,0.478609,0.44941,0.420179,0.391044,0.362133,0.333571,0.305484,0.277994,0.251222,0.225284,0.200294,0.176362,0.153592,0.132083,0.11193,0.093221,0.0760373,0.0604543,0.0465402,0.0343557,0.0239542,0.0153812,0.00867402,0.00386216,0.000966596,0,
0,0.000988796,0.00395086,0.00887324,0.0157344,0.0245044,0.0351448,0.0476091,0.0618428,0.0777837,0.0953621,0.114501,0.135117,0.15712,0.180413,0.204895,0.230458,0.256992,0.284379,0.3125,0.341232,0.37045,0.400026,0.42983,0.459732,0.489601,0.519307,0.54872,0.577711,0.606153,0.633923,0.660898,0.68696,0.711997,0.735897,0.758558,0.779879,0.799767,0.818136,0.834904,0.85,0.863356,0.874915,0.884625,0.892445,0.89834,0.902285,0.904261,0.904261,0.902285,0.89834,0.892445,0.884625,0.874915,0.863356,0.85,0.834904,0.818136,0.799767,0.779879,0.758558,0.735897,0.711997,0.68696,0.660898,0.633923,0.606153,0.577711,0.54872,0.519307,0.489601,0.459732,0.42983,0.400026,0.37045,0.341232,0.3125,0.284379,0.256992,0.230458,0.204895,0.180413,0.15712,0.135117,0.114501,0.0953621,0.0777837,0.0618428,0.0476091,0.0351448,0.0245044,0.0157344,0.00887324,0.00395086,0.000988796,0,
0,0.00100906,0.00403184,0.00905511,0.0160569,0.0250066,0.0358651,0.0485849,0.0631104,0.079378,0.0973167,0.116848,0.137886,0.16034,0.184111,0.209094,0.235182,0.262259,0.290207,0.318905,0.348226,0.378043,0.408225,0.43864,0.469155,0.499636,0.529951,0.559967,0.589552,0.618577,0.646916,0.674444,0.701041,0.72659,0.750981,0.774105,0.795863,0.816159,0.834904,0.852017,0.867422,0.881052,0.892848,0.902757,0.910737,0.916753,0.920778,0.922795,0.922795,0.920778,0.916753,0.910737,0.902757,0.892848,0.881052,0.867422,0.852017,0.834904,0.816159,0.795863,0.774105,0.750981,0.72659,0.701041,0.674444,0.646916,0.618577,0.589552,0.559967,0.529951,0.499636,0.469155,0.43864,0.408225,0.378043,0.348226,0.318905,0.290207,0.262259,0.235182,0.209094,0.184111,0.16034,0.137886,0.116848,0.0973167,0.079378,0.0631104,0.0485849,0.0358651,0.0250066,0.0160569,0.00905511,0.00403184,0.00100906,0,
0,0.00102731,0.00410474,0.00921883,0.0163472,0.0254588,0.0365136,0.0494634,0.0642515,0.0808132,0.0990762,0.118961,0.140379,0.163239,0.187439,0.212875,0.239434,0.267001,0.295455,0.324671,0.354523,0.384878,0.415606,0.446571,0.477637,0.50867,0.539533,0.570091,0.600211,0.629761,0.658612,0.686638,0.713716,0.739727,0.764559,0.788102,0.810253,0.830916,0.85,0.867422,0.883105,0.896982,0.908991,0.919079,0.927204,0.933328,0.937426,0.93948,0.93948,0.937426,0.933328,0.927204,0.919079,0.908991,0.896982,0.883105,0.867422,0.85,0.830916,0.810253,0.788102,0.764559,0.739727,0.713716,0.686638,0.658612,0.629761,0.600211,0.570091,0.539533,0.50867,0.477637,0.446571,0.415606,0.384878,0.354523,0.324671,0.295455,0.267001,0.239434,0.212875,0.187439,0.163239,0.140379,0.118961,0.0990762,0.0808132,0.0642515,0.0494634,0.0365136,0.0254588,0.0163472,0.00921883,0.00410474,0.00102731,0,
0,0.00104345,0.00416924,0.00936369,0.0166041,0.0258588,0.0370873,0.0502406,0.0652611,0.0820831,0.100633,0.12083,0.142585,0.165804,0.190385,0.21622,0.243196,0.271196,0.300097,0.329773,0.360093,0.390926,0.422136,0.453588,0.485142,0.516663,0.548011,0.579049,0.609643,0.639657,0.668961,0.697427,0.724931,0.751351,0.776573,0.800485,0.822985,0.843972,0.863356,0.881052,0.896982,0.911076,0.923274,0.933521,0.941773,0.947994,0.952157,0.954242,0.954242,0.952157,0.947994,0.941773,0.933521,0.923274,0.911076,0.896982,0.881052,0.863356,0.843972,0.822985,0.800485,0.776573,0.751351,0.724931,0.697427,0.668961,0.639657,0.609643,0.579049,0.548011,0.516663,0.485142,0.453588,0.422136,0.390926,0.360093,0.329773,0.300097,0.271196,0.243196,0.21622,0.190385,0.165804,0.142585,0.12083,0.100633,0.0820831,0.0652611,0.0502406,0.0370873,0.0258588,0.0166041,0.00936369,0.00416924,0.00104345,0,
0,0.00105742,0.00422506,0.00948906,0.0168264,0.026205,0.0375839,0.0509132,0.0661348,0.083182,0.10198,0.122448,0.144494,0.168024,0.192934,0.219114,0.246452,0.274827,0.304115,0.334188,0.364914,0.39616,0.427788,0.45966,0.491638,0.52358,0.555348,0.586802,0.617805,0.648221,0.677918,0.706765,0.734636,0.76141,0.786969,0.811202,0.834003,0.855271,0.874915,0.892848,0.908991,0.923274,0.935635,0.946019,0.954382,0.960686,0.964904,0.967018,0.967018,0.964904,0.960686,0.954382,0.946019,0.935635,0.923274,0.908991,0.892848,0.874915,0.855271,0.834003,0.811202,0.786969,0.76141,0.734636,0.706765,0.677918,0.648221,0.617805,0.586802,0.555348,0.52358,0.491638,0.45966,0.427788,0.39616,0.364914,0.334188,0.304115,0.274827,0.246452,0.219114,0.192934,0.168024,0.144494,0.122448,0.10198,0.083182,0.0661348,0.0509132,0.0375839,0.026205,0.0168264,0.00948906,0.00422506,0.00105742,0,
0,0.00106916,0.00427195,0.00959437,0.0170132,0.0264959,0.038001,0.0514783,0.0668688,0.0841052,0.103112,0.123807,0.146098,0.169889,0.195075,0.221546,0.249187,0.277877,0.30749,0.337897,0.368964,0.400557,0.432536,0.464762,0.497094,0.529391,0.561511,0.593314,0.624661,0.655415,0.685442,0.714609,0.74279,0.769861,0.795704,0.820206,0.843259,0.864764,0.884625,0.902757,0.919079,0.933521,0.946019,0.956519,0.964974,0.971348,0.975613,0.977751,0.977751,0.975613,0.971348,0.964974,0.956519,0.946019,0.933521,0.919079,0.902757,0.884625,0.864764,0.843259,0.820206,0.795704,0.769861,0.74279,0.714609,0.685442,0.655415,0.624661,0.593314,0.561511,0.529391,0.497094,0.464762,0.432536,0.400557,0.368964,0.337897,0.30749,0.277877,0.249187,0.221546,0.195075,0.169889,0.146098,0.123807,0.103112,0.0841052,0.0668688,0.0514783,0.038001,0.0264959,0.0170132,0.00959437,0.00427195,0.00106916,0,
