functionName, calculator,N,initTime, calcTime, calcHz, bytes, maxError, blankColumn, err1, err2, err3, Blank
rho is 0.0625
f: 
0,0,0,0,0,0,0,0,0,0,0,0,0,0,0,0,0,0,0,0,0,0,0,0,0,0,0,0,0,0,0,0,0,0,0,0,0,0,0,0,0,0,0,0,0,0,0,0,0,0,0,0,0,0,0,0,0,0,0,0,0,0,0,0,0,0,0,0,0,0,0,0,0,0,0,0,0,0,0,0,0,0,0,0,0,0,0,0,0,0,0,0,0,0,0,0,0,0,0,0,
0,1.01337e-06,4.04939e-06,9.09584e-06,1.61324e-05,2.51307e-05,3.60546e-05,4.88601e-05,6.34955e-05,7.9902e-05,9.80135e-05,0.000117757,0.000139053,0.000161816,0.000185954,0.00021137,0.000237962,0.000265622,0.00029424,0.000323699,0.000353882,0.000384666,0.000415928,0.000447543,0.000479381,0.000511317,0.00054322,0.000574962,0.000606416,0.000637455,0.000667954,0.00069779,0.000726843,0.000754996,0.000782136,0.000808153,0.000832943,0.000856405,0.000878445,0.000898976,0.000917913,0.00093518,0.000950709,0.000964437,0.000976307,0.000986273,0.000994295,0.00100034,0.00100438,0.00100641,0.00100641,0.00100438,0.00100034,0.000994295,0.000986273,0.000976307,0.000964437,0.000950709,0.00093518,0.000917913,0.000898976,0.000878445,0.000856405,0.000832943,0.000808153,0.000782136,0.000754996,0.000726843,0.00069779,0.000667954,0.000637455,0.000606416,0.000574962,0.00054322,0.000511317,0.000479381,0.000447543,0.000415928,0.000384666,0.000353882,0.000323699,0.00029424,0.000265622,0.000237962,0.00021137,0.000185954,0.000161816,0.000139053,0.000117757,9.80135e-05,7.9902e-05,6.34955e-05,4.88601e-05,3.60546e-05,2.51307e-05,1.61324e-05,9.09584e-06,4.04939e-06,1.01337e-06,0,
0,4.04939e-06,1.61813e-05,3.63468e-05,6.44647e-05,0.000100422,0.000144073,0.000195244,0.000253726,0.000319286,0.000391659,0.000470554,0.000555653,0.000646613,0.000743068,0.00084463,0.00095089,0.00106142,0.00117577,0.00129349,0.0014141,0.00153712,0.00166204,0.00178837,0.0019156,0.00204321,0.00217069,0.00229753,0.00242322,0.00254725,0.00266913,0.00278835,0.00290445,0.00301695,0.00312539,0.00322936,0.00332842,0.00342217,0.00351024,0.00359228,0.00366795,0.00373696,0.00379901,0.00385386,0.0039013,0.00394112,0.00397318,0.00399733,0.00401349,0.00402158,0.00402158,0.00401349,0.00399733,0.00397318,0.00394112,0.0039013,0.00385386,0.00379901,0.00373696,0.00366795,0.00359228,0.00351024,0.00342217,0.00332842,0.00322936,0.00312539,0.00301695,0.00290445,0.00278835,0.00266913,0.00254725,0.00242322,0.00229753,0.00217069,0.00204321,0.0019156,0.00178837,0.00166204,0.00153712,0.0014141,0.00129349,0.00117577,0.00106142,0.00095089,0.00084463,0.000743068,0.000646613,0.000555653,0.000470554,0.000391659,0.000319286,0.000253726,0.000195244,0.000144073,0.000100422,6.44647e-05,3.63468e-05,1.61813e-05,4.04939e-06,0,
0,9.09584e-06,3.63468e-05,8.1643e-05,0.000144802,0.00022557,0.000323621,0.000438561,0.000569927,0.000717189,0.000879755,0.00105697,0.00124812,0.00145244,0.0016691,0.00189723,0.00213591,0.00238419,0.00264105,0.00290548,0.00317639,0.00345271,0.00373331,0.00401708,0.00430286,0.00458951,0.00487586,0.00516078,0.00544311,0.00572171,0.00599546,0.00626327,0.00652404,0.00677674,0.00702034,0.00725386,0.00747637,0.00768697,0.0078848,0.00806908,0.00823905,0.00839405,0.00853343,0.00865664,0.00876319,0.00885265,0.00892465,0.0089789,0.00901519,0.00903338,0.00903338,0.00901519,0.0089789,0.00892465,0.00885265,0.00876319,0.00865664,0.00853343,0.00839405,0.00823905,0.00806908,0.0078848,0.00768697,0.00747637,0.00725386,0.00702034,0.00677674,0.00652404,0.00626327,0.00599546,0.00572171,0.00544311,0.00516078,0.00487586,0.00458951,0.00430286,0.00401708,0.00373331,0.00345271,0.00317639,0.00290548,0.00264105,0.00238419,0.00213591,0.00189723,0.0016691,0.00145244,0.00124812,0.00105697,0.000879755,0.000717189,0.000569927,0.000438561,0.000323621,0.00022557,0.000144802,8.1643e-05,3.63468e-05,9.09584e-06,0,
0,1.61324e-05,6.44647e-05,0.000144802,0.000256821,0.000400071,0.000573975,0.000777833,0.00101082,0.00127201,0.00156034,0.00187464,0.00221367,0.00257605,0.00296032,0.00336493,0.00378826,0.0042286,0.00468418,0.00515316,0.00563365,0.00612373,0.00662141,0.0071247,0.00763156,0.00813996,0.00864784,0.00915317,0.0096539,0.010148,0.0106336,0.0111085,0.0115711,0.0120192,0.0124513,0.0128655,0.0132601,0.0136336,0.0139845,0.0143113,0.0146128,0.0148877,0.0151349,0.0153534,0.0155424,0.0157011,0.0158288,0.015925,0.0159894,0.0160216,0.0160216,0.0159894,0.015925,0.0158288,0.0157011,0.0155424,0.0153534,0.0151349,0.0148877,0.0146128,0.0143113,0.0139845,0.0136336,0.0132601,0.0128655,0.0124513,0.0120192,0.0115711,0.0111085,0.0106336,0.010148,0.0096539,0.00915317,0.00864784,0.00813996,0.00763156,0.0071247,0.00662141,0.00612373,0.00563365,0.00515316,0.00468418,0.0042286,0.00378826,0.00336493,0.00296032,0.00257605,0.00221367,0.00187464,0.00156034,0.00127201,0.00101082,0.000777833,0.000573975,0.000400071,0.000256821,0.000144802,6.44647e-05,1.61324e-05,0,
0,2.51307e-05,0.000100422,0.00022557,0.000400071,0.000623223,0.000894127,0.00121169,0.00157464,0.00198151,0.00243066,0.00292028,0.00344841,0.00401292,0.00461152,0.00524182,0.00590128,0.00658723,0.00729692,0.00802749,0.00877599,0.00953943,0.0103147,0.0110987,0.0118883,0.0126803,0.0134714,0.0142586,0.0150387,0.0158084,0.0165648,0.0173047,0.0180252,0.0187233,0.0193964,0.0200416,0.0206563,0.0212382,0.0217848,0.0222939,0.0227635,0.0231918,0.0235769,0.0239173,0.0242117,0.0244588,0.0246578,0.0248077,0.0249079,0.0249582,0.0249582,0.0249079,0.0248077,0.0246578,0.0244588,0.0242117,0.0239173,0.0235769,0.0231918,0.0227635,0.0222939,0.0217848,0.0212382,0.0206563,0.0200416,0.0193964,0.0187233,0.0180252,0.0173047,0.0165648,0.0158084,0.0150387,0.0142586,0.0134714,0.0126803,0.0118883,0.0110987,0.0103147,0.00953943,0.00877599,0.00802749,0.00729692,0.00658723,0.00590128,0.00524182,0.00461152,0.00401292,0.00344841,0.00292028,0.00243066,0.00198151,0.00157464,0.00121169,0.000894127,0.000623223,0.000400071,0.00022557,0.000100422,2.51307e-05,0,
0,3.60546e-05,0.000144073,0.000323621,0.000573975,0.000894127,0.00128279,0.00173839,0.00225911,0.00284283,0.00348722,0.00418968,0.00494738,0.00575726,0.00661607,0.00752035,0.00846645,0.00945058,0.0104688,0.0115169,0.0125908,0.013686,0.0147983,0.0159231,0.0170559,0.0181921,0.0193272,0.0204566,0.0215757,0.02268,0.0237652,0.0248267,0.0258604,0.026862,0.0278276,0.0287533,0.0296353,0.03047,0.0312542,0.0319847,0.0326584,0.0332728,0.0338253,0.0343137,0.034736,0.0350906,0.035376,0.0355911,0.0357349,0.035807,0.035807,0.0357349,0.0355911,0.035376,0.0350906,0.034736,0.0343137,0.0338253,0.0332728,0.0326584,0.0319847,0.0312542,0.03047,0.0296353,0.0287533,0.0278276,0.026862,0.0258604,0.0248267,0.0237652,0.02268,0.0215757,0.0204566,0.0193272,0.0181921,0.0170559,0.0159231,0.0147983,0.013686,0.0125908,0.0115169,0.0104688,0.00945058,0.00846645,0.00752035,0.00661607,0.00575726,0.00494738,0.00418968,0.00348722,0.00284283,0.00225911,0.00173839,0.00128279,0.000894127,0.000573975,0.000323621,0.000144073,3.60546e-05,0,
0,4.88601e-05,0.000195244,0.000438561,0.000777833,0.00121169,0.00173839,0.00235581,0.00306147,0.00385252,0.00472577,0.00567772,0.00670452,0.00780205,0.00896588,0.0101913,0.0114735,0.0128071,0.0141869,0.0156073,0.0170626,0.0185469,0.0200542,0.0215785,0.0231136,0.0246534,0.0261916,0.0277221,0.0292387,0.0307352,0.0322058,0.0336443,0.0350451,0.0364025,0.0377111,0.0389655,0.0401608,0.041292,0.0423547,0.0433446,0.0442576,0.0450902,0.0458389,0.0465008,0.0470732,0.0475537,0.0479405,0.0482319,0.0484268,0.0485245,0.0485245,0.0484268,0.0482319,0.0479405,0.0475537,0.0470732,0.0465008,0.0458389,0.0450902,0.0442576,0.0433446,0.0423547,0.041292,0.0401608,0.0389655,0.0377111,0.0364025,0.0350451,0.0336443,0.0322058,0.0307352,0.0292387,0.0277221,0.0261916,0.0246534,0.0231136,0.0215785,0.0200542,0.0185469,0.0170626,0.0156073,0.0141869,0.0128071,0.0114735,0.0101913,0.00896588,0.00780205,0.00670452,0.00567772,0.00472577,0.00385252,0.00306147,0.00235581,0.00173839,0.00121169,0.000777833,0.000438561,0.000195244,4.88601e-05,0,
0,6.34955e-05,0.000253726,0.000569927,0.00101082,0.00157464,0.00225911,0.00306147,0.00397849,0.00500649,0.00614132,0.00737841,0.00871278,0.0101391,0.0116515,0.013244,0.0149102,0.0166433,0.0184364,0.0202823,0.0221735,0.0241024,0.0260612,0.0280421,0.030037,0.032038,0.034037,0.0360259,0.0379968,0.0399416,0.0418526,0.0437221,0.0455425,0.0473065,0.049007,0.0506372,0.0521904,0.0536605,0.0550415,0.0563279,0.0575145,0.0585964,0.0595694,0.0604296,0.0611734,0.0617978,0.0623004,0.0626792,0.0629325,0.0630594,0.0630594,0.0629325,0.0626792,0.0623004,0.0617978,0.0611734,0.0604296,0.0595694,0.0585964,0.0575145,0.0563279,0.0550415,0.0536605,0.0521904,0.0506372,0.049007,0.0473065,0.0455425,0.0437221,0.0418526,0.0399416,0.0379968,0.0360259,0.034037,0.032038,0.030037,0.0280421,0.0260612,0.0241024,0.0221735,0.0202823,0.0184364,0.0166433,0.0149102,0.013244,0.0116515,0.0101391,0.00871278,0.00737841,0.00614132,0.00500649,0.00397849,0.00306147,0.00225911,0.00157464,0.00101082,0.000569927,0.000253726,6.34955e-05,0,
0,7.9902e-05,0.000319286,0.000717189,0.00127201,0.00198151,0.00284283,0.00385252,0.00500649,0.00630011,0.00772816,0.0092849,0.0109641,0.0127589,0.0146621,0.0166661,0.0187628,0.0209438,0.0232002,0.025523,0.0279029,0.0303301,0.0327951,0.0352878,0.0377983,0.0403163,0.0428318,0.0453346,0.0478147,0.0502621,0.0526668,0.0550193,0.0573101,0.0595299,0.0616698,0.0637212,0.0656758,0.0675258,0.0692636,0.0708824,0.0723756,0.0737371,0.0749615,0.0760439,0.0769798,0.0777656,0.0783981,0.0788747,0.0791935,0.0793533,0.0793533,0.0791935,0.0788747,0.0783981,0.0777656,0.0769798,0.0760439,0.0749615,0.0737371,0.0723756,0.0708824,0.0692636,0.0675258,0.0656758,0.0637212,0.0616698,0.0595299,0.0573101,0.0550193,0.0526668,0.0502621,0.0478147,0.0453346,0.0428318,0.0403163,0.0377983,0.0352878,0.0327951,0.0303301,0.0279029,0.025523,0.0232002,0.0209438,0.0187628,0.0166661,0.0146621,0.0127589,0.0109641,0.0092849,0.00772816,0.00630011,0.00500649,0.00385252,0.00284283,0.00198151,0.00127201,0.000717189,0.000319286,7.9902e-05,0,
0,9.80135e-05,0.000391659,0.000879755,0.00156034,0.00243066,0.00348722,0.00472577,0.00614132,0.00772816,0.00947992,0.0113895,0.0134493,0.0156509,0.0179856,0.0204439,0.0230158,0.0256911,0.028459,0.0313083,0.0342276,0.0372051,0.0402288,0.0432866,0.046366,0.0494548,0.0525405,0.0556107,0.0586529,0.061655,0.0646049,0.0674907,0.0703007,0.0730237,0.0756486,0.078165,0.0805627,0.0828319,0.0849637,0.0869494,0.088781,0.0904512,0.0919531,0.0932808,0.094429,0.0953929,0.0961687,0.0967534,0.0971444,0.0973404,0.0973404,0.0971444,0.0967534,0.0961687,0.0953929,0.094429,0.0932808,0.0919531,0.0904512,0.088781,0.0869494,0.0849637,0.0828319,0.0805627,0.078165,0.0756486,0.0730237,0.0703007,0.0674907,0.0646049,0.061655,0.0586529,0.0556107,0.0525405,0.0494548,0.046366,0.0432866,0.0402288,0.0372051,0.0342276,0.0313083,0.028459,0.0256911,0.0230158,0.0204439,0.0179856,0.0156509,0.0134493,0.0113895,0.00947992,0.00772816,0.00614132,0.00472577,0.00348722,0.00243066,0.00156034,0.000879755,0.000391659,9.80135e-05,0,
0,0.000117757,0.000470554,0.00105697,0.00187464,0.00292028,0.00418968,0.00567772,0.00737841,0.0092849,0.0113895,0.0136838,0.0161585,0.0188036,0.0216086,0.024562,0.0276521,0.0308663,0.0341917,0.037615,0.0411223,0.0446996,0.0483324,0.0520061,0.0557059,0.0594169,0.0631241,0.0668127,0.0704678,0.0740746,0.0776187,0.0810858,0.0844619,0.0877333,0.0908871,0.0939103,0.096791,0.0995174,0.102079,0.104464,0.106665,0.108671,0.110476,0.112071,0.11345,0.114609,0.115541,0.116243,0.116713,0.116948,0.116948,0.116713,0.116243,0.115541,0.114609,0.11345,0.112071,0.110476,0.108671,0.106665,0.104464,0.102079,0.0995174,0.096791,0.0939103,0.0908871,0.0877333,0.0844619,0.0810858,0.0776187,0.0740746,0.0704678,0.0668127,0.0631241,0.0594169,0.0557059,0.0520061,0.0483324,0.0446996,0.0411223,0.037615,0.0341917,0.0308663,0.0276521,0.024562,0.0216086,0.0188036,0.0161585,0.0136838,0.0113895,0.0092849,0.00737841,0.00567772,0.00418968,0.00292028,0.00187464,0.00105697,0.000470554,0.000117757,0,
0,0.000139053,0.000555653,0.00124812,0.00221367,0.00344841,0.00494738,0.00670452,0.00871278,0.0109641,0.0134493,0.0161585,0.0190807,0.0222042,0.0255164,0.029004,0.0326529,0.0364484,0.0403752,0.0444176,0.0485592,0.0527834,0.0570732,0.0614113,0.0657802,0.0701623,0.07454,0.0788957,0.0832118,0.0874709,0.0916559,0.09575,0.0997366,0.1036,0.107324,0.110894,0.114295,0.117515,0.120539,0.123356,0.125955,0.128324,0.130455,0.132339,0.133968,0.135335,0.136436,0.137265,0.13782,0.138098,0.138098,0.13782,0.137265,0.136436,0.135335,0.133968,0.132339,0.130455,0.128324,0.125955,0.123356,0.120539,0.117515,0.114295,0.110894,0.107324,0.1036,0.0997366,0.09575,0.0916559,0.0874709,0.0832118,0.0788957,0.07454,0.0701623,0.0657802,0.0614113,0.0570732,0.0527834,0.0485592,0.0444176,0.0403752,0.0364484,0.0326529,0.029004,0.0255164,0.0222042,0.0190807,0.0161585,0.0134493,0.0109641,0.00871278,0.00670452,0.00494738,0.00344841,0.00221367,0.00124812,0.000555653,0.000139053,0,
0,0.000161816,0.000646613,0.00145244,0.00257605,0.00401292,0.00575726,0.00780205,0.0101391,0.0127589,0.0156509,0.0188036,0.0222042,0.025839,0.0296935,0.0337519,0.0379981,0.042415,0.0469846,0.0516888,0.0565084,0.0614241,0.0664161,0.0714643,0.0765484,0.0816478,0.0867422,0.0918109,0.0968335,0.10179,0.10666,0.111424,0.116063,0.120559,0.124893,0.129047,0.133006,0.136752,0.140272,0.14355,0.146574,0.149331,0.151811,0.154003,0.155898,0.15749,0.158771,0.159736,0.160381,0.160705,0.160705,0.160381,0.159736,0.158771,0.15749,0.155898,0.154003,0.151811,0.149331,0.146574,0.14355,0.140272,0.136752,0.133006,0.129047,0.124893,0.120559,0.116063,0.111424,0.10666,0.10179,0.0968335,0.0918109,0.0867422,0.0816478,0.0765484,0.0714643,0.0664161,0.0614241,0.0565084,0.0516888,0.0469846,0.042415,0.0379981,0.0337519,0.0296935,0.025839,0.0222042,0.0188036,0.0156509,0.0127589,0.0101391,0.00780205,0.00575726,0.00401292,0.00257605,0.00145244,0.000646613,0.000161816,0,
0,0.000185954,0.000743068,0.0016691,0.00296032,0.00461152,0.00661607,0.00896588,0.0116515,0.0146621,0.0179856,0.0216086,0.0255164,0.0296935,0.0341228,0.0387867,0.0436663,0.048742,0.0539933,0.0593992,0.0649377,0.0705867,0.0763234,0.0821246,0.0879671,0.0938272,0.0996815,0.105506,0.111278,0.116974,0.12257,0.128045,0.133377,0.138543,0.143523,0.148297,0.152846,0.157151,0.161196,0.164963,0.168438,0.171607,0.174456,0.176975,0.179154,0.180982,0.182454,0.183563,0.184305,0.184677,0.184677,0.184305,0.183563,0.182454,0.180982,0.179154,0.176975,0.174456,0.171607,0.168438,0.164963,0.161196,0.157151,0.152846,0.148297,0.143523,0.138543,0.133377,0.128045,0.12257,0.116974,0.111278,0.105506,0.0996815,0.0938272,0.0879671,0.0821246,0.0763234,0.0705867,0.0649377,0.0593992,0.0539933,0.048742,0.0436663,0.0387867,0.0341228,0.0296935,0.0255164,0.0216086,0.0179856,0.0146621,0.0116515,0.00896588,0.00661607,0.00461152,0.00296032,0.0016691,0.000743068,0.000185954,0,
0,0.00021137,0.00084463,0.00189723,0.00336493,0.00524182,0.00752035,0.0101913,0.013244,0.0166661,0.0204439,0.024562,0.029004,0.0337519,0.0387867,0.044088,0.0496346,0.055404,0.0613731,0.0675178,0.0738134,0.0802344,0.0867552,0.0933493,0.0999903,0.106651,0.113306,0.119927,0.126488,0.132962,0.139323,0.145547,0.151606,0.157479,0.163139,0.168566,0.173737,0.178631,0.183228,0.18751,0.19146,0.195062,0.198301,0.201164,0.20364,0.205719,0.207392,0.208653,0.209496,0.209919,0.209919,0.209496,0.208653,0.207392,0.205719,0.20364,0.201164,0.198301,0.195062,0.19146,0.18751,0.183228,0.178631,0.173737,0.168566,0.163139,0.157479,0.151606,0.145547,0.139323,0.132962,0.126488,0.119927,0.113306,0.106651,0.0999903,0.0933493,0.0867552,0.0802344,0.0738134,0.0675178,0.0613731,0.055404,0.0496346,0.044088,0.0387867,0.0337519,0.029004,0.024562,0.0204439,0.0166661,0.013244,0.0101913,0.00752035,0.00524182,0.00336493,0.00189723,0.00084463,0.00021137,0,
0,0.000237962,0.00095089,0.00213591,0.00378826,0.00590128,0.00846645,0.0114735,0.0149102,0.0187628,0.0230158,0.0276521,0.0326529,0.0379981,0.0436663,0.0496346,0.0558789,0.0623742,0.0690942,0.076012,0.0830995,0.0903284,0.0976695,0.105093,0.11257,0.120069,0.12756,0.135014,0.1424,0.149689,0.156851,0.163857,0.170679,0.17729,0.183663,0.189773,0.195594,0.201103,0.206279,0.2111,0.215547,0.219602,0.223248,0.226472,0.229259,0.2316,0.233483,0.234903,0.235852,0.236328,0.236328,0.235852,0.234903,0.233483,0.2316,0.229259,0.226472,0.223248,0.219602,0.215547,0.2111,0.206279,0.201103,0.195594,0.189773,0.183663,0.17729,0.170679,0.163857,0.156851,0.149689,0.1424,0.135014,0.12756,0.120069,0.11257,0.105093,0.0976695,0.0903284,0.0830995,0.076012,0.0690942,0.0623742,0.0558789,0.0496346,0.0436663,0.0379981,0.0326529,0.0276521,0.0230158,0.0187628,0.0149102,0.0114735,0.00846645,0.00590128,0.00378826,0.00213591,0.00095089,0.000237962,0,
0,0.000265622,0.00106142,0.00238419,0.0042286,0.00658723,0.00945058,0.0128071,0.0166433,0.0209438,0.0256911,0.0308663,0.0364484,0.042415,0.048742,0.055404,0.0623742,0.0696245,0.0771256,0.0848474,0.0927589,0.100828,0.109022,0.117309,0.125655,0.134025,0.142388,0.150708,0.158953,0.167089,0.175083,0.182904,0.190519,0.197898,0.205012,0.211832,0.218329,0.224479,0.230257,0.235638,0.240602,0.245128,0.249198,0.252796,0.255908,0.25852,0.260623,0.262207,0.263267,0.263798,0.263798,0.263267,0.262207,0.260623,0.25852,0.255908,0.252796,0.249198,0.245128,0.240602,0.235638,0.230257,0.224479,0.218329,0.211832,0.205012,0.197898,0.190519,0.182904,0.175083,0.167089,0.158953,0.150708,0.142388,0.134025,0.125655,0.117309,0.109022,0.100828,0.0927589,0.0848474,0.0771256,0.0696245,0.0623742,0.055404,0.048742,0.042415,0.0364484,0.0308663,0.0256911,0.0209438,0.0166433,0.0128071,0.00945058,0.00658723,0.0042286,0.00238419,0.00106142,0.000265622,0,
0,0.00029424,0.00117577,0.00264105,0.00468418,0.00729692,0.0104688,0.0141869,0.0184364,0.0232002,0.028459,0.0341917,0.0403752,0.0469846,0.0539933,0.0613731,0.0690942,0.0771256,0.0854349,0.0939887,0.102752,0.111691,0.120768,0.129948,0.139192,0.148465,0.157728,0.166945,0.176078,0.18509,0.193946,0.202609,0.211045,0.219219,0.2271,0.234654,0.241852,0.248664,0.255064,0.261025,0.266523,0.271537,0.276046,0.280032,0.283479,0.286373,0.288702,0.290457,0.291631,0.292219,0.292219,0.291631,0.290457,0.288702,0.286373,0.283479,0.280032,0.276046,0.271537,0.266523,0.261025,0.255064,0.248664,0.241852,0.234654,0.2271,0.219219,0.211045,0.202609,0.193946,0.18509,0.176078,0.166945,0.157728,0.148465,0.139192,0.129948,0.120768,0.111691,0.102752,0.0939887,0.0854349,0.0771256,0.0690942,0.0613731,0.0539933,0.0469846,0.0403752,0.0341917,0.028459,0.0232002,0.0184364,0.0141869,0.0104688,0.00729692,0.00468418,0.00264105,0.00117577,0.00029424,0,
0,0.000323699,0.00129349,0.00290548,0.00515316,0.00802749,0.0115169,0.0156073,0.0202823,0.025523,0.0313083,0.037615,0.0444176,0.0516888,0.0593992,0.0675178,0.076012,0.0848474,0.0939887,0.103399,0.11304,0.122873,0.13286,0.142958,0.153128,0.163329,0.17352,0.18366,0.193707,0.203622,0.213364,0.222894,0.232175,0.241168,0.249837,0.258147,0.266066,0.27356,0.280601,0.287159,0.293208,0.298724,0.303684,0.308069,0.311861,0.315044,0.317607,0.319537,0.320829,0.321476,0.321476,0.320829,0.319537,0.317607,0.315044,0.311861,0.308069,0.303684,0.298724,0.293208,0.287159,0.280601,0.27356,0.266066,0.258147,0.249837,0.241168,0.232175,0.222894,0.213364,0.203622,0.193707,0.18366,0.17352,0.163329,0.153128,0.142958,0.13286,0.122873,0.11304,0.103399,0.0939887,0.0848474,0.076012,0.0675178,0.0593992,0.0516888,0.0444176,0.037615,0.0313083,0.025523,0.0202823,0.0156073,0.0115169,0.00802749,0.00515316,0.00290548,0.00129349,0.000323699,0,
0,0.000353882,0.0014141,0.00317639,0.00563365,0.00877599,0.0125908,0.0170626,0.0221735,0.0279029,0.0342276,0.0411223,0.0485592,0.0565084,0.0649377,0.0738134,0.0830995,0.0927589,0.102752,0.11304,0.12358,0.134331,0.145248,0.156288,0.167406,0.178559,0.1897,0.200785,0.211769,0.222608,0.233259,0.243678,0.253823,0.263655,0.273132,0.282218,0.290875,0.299068,0.306765,0.313934,0.320547,0.326578,0.332,0.336794,0.34094,0.34442,0.347221,0.349332,0.350744,0.351451,0.351451,0.350744,0.349332,0.347221,0.34442,0.34094,0.336794,0.332,0.326578,0.320547,0.313934,0.306765,0.299068,0.290875,0.282218,0.273132,0.263655,0.253823,0.243678,0.233259,0.222608,0.211769,0.200785,0.1897,0.178559,0.167406,0.156288,0.145248,0.134331,0.12358,0.11304,0.102752,0.0927589,0.0830995,0.0738134,0.0649377,0.0565084,0.0485592,0.0411223,0.0342276,0.0279029,0.0221735,0.0170626,0.0125908,0.00877599,0.00563365,0.00317639,0.0014141,0.000353882,0,
0,0.000384666,0.00153712,0.00345271,0.00612373,0.00953943,0.013686,0.0185469,0.0241024,0.0303301,0.0372051,0.0446996,0.0527834,0.0614241,0.0705867,0.0802344,0.0903284,0.100828,0.111691,0.122873,0.134331,0.146016,0.157883,0.169883,0.181969,0.194092,0.206202,0.218251,0.230191,0.241973,0.25355,0.264875,0.275904,0.28659,0.296892,0.306768,0.316178,0.325084,0.333451,0.341244,0.348432,0.354987,0.360881,0.366092,0.370598,0.374381,0.377426,0.379721,0.381255,0.382024,0.382024,0.381255,0.379721,0.377426,0.374381,0.370598,0.366092,0.360881,0.354987,0.348432,0.341244,0.333451,0.325084,0.316178,0.306768,0.296892,0.28659,0.275904,0.264875,0.25355,0.241973,0.230191,0.218251,0.206202,0.194092,0.181969,0.169883,0.157883,0.146016,0.134331,0.122873,0.111691,0.100828,0.0903284,0.0802344,0.0705867,0.0614241,0.0527834,0.0446996,0.0372051,0.0303301,0.0241024,0.0185469,0.013686,0.00953943,0.00612373,0.00345271,0.00153712,0.000384666,0,
0,0.000415928,0.00166204,0.00373331,0.00662141,0.0103147,0.0147983,0.0200542,0.0260612,0.0327951,0.0402288,0.0483324,0.0570732,0.0664161,0.0763234,0.0867552,0.0976695,0.109022,0.120768,0.13286,0.145248,0.157883,0.170714,0.18369,0.196758,0.209866,0.22296,0.235988,0.248899,0.261638,0.274156,0.286402,0.298327,0.309882,0.321021,0.3317,0.341874,0.351504,0.360551,0.368977,0.37675,0.383837,0.390211,0.395845,0.400717,0.404808,0.4081,0.410581,0.41224,0.413072,0.413072,0.41224,0.410581,0.4081,0.404808,0.400717,0.395845,0.390211,0.383837,0.37675,0.368977,0.360551,0.351504,0.341874,0.3317,0.321021,0.309882,0.298327,0.286402,0.274156,0.261638,0.248899,0.235988,0.22296,0.209866,0.196758,0.18369,0.170714,0.157883,0.145248,0.13286,0.120768,0.109022,0.0976695,0.0867552,0.0763234,0.0664161,0.0570732,0.0483324,0.0402288,0.0327951,0.0260612,0.0200542,0.0147983,0.0103147,0.00662141,0.00373331,0.00166204,0.000415928,0,
0,0.000447543,0.00178837,0.00401708,0.0071247,0.0110987,0.0159231,0.0215785,0.0280421,0.0352878,0.0432866,0.0520061,0.0614113,0.0714643,0.0821246,0.0933493,0.105093,0.117309,0.129948,0.142958,0.156288,0.169883,0.18369,0.197652,0.211713,0.225817,0.239907,0.253926,0.267817,0.281525,0.294995,0.308171,0.321002,0.333436,0.345422,0.356912,0.36786,0.378222,0.387956,0.397023,0.405386,0.413012,0.41987,0.425933,0.431175,0.435577,0.439119,0.441789,0.443574,0.444469,0.444469,0.443574,0.441789,0.439119,0.435577,0.431175,0.425933,0.41987,0.413012,0.405386,0.397023,0.387956,0.378222,0.36786,0.356912,0.345422,0.333436,0.321002,0.308171,0.294995,0.281525,0.267817,0.253926,0.239907,0.225817,0.211713,0.197652,0.18369,0.169883,0.156288,0.142958,0.129948,0.117309,0.105093,0.0933493,0.0821246,0.0714643,0.0614113,0.0520061,0.0432866,0.0352878,0.0280421,0.0215785,0.0159231,0.0110987,0.0071247,0.00401708,0.00178837,0.000447543,0,
0,0.000479381,0.0019156,0.00430286,0.00763156,0.0118883,0.0170559,0.0231136,0.030037,0.0377983,0.046366,0.0557059,0.0657802,0.0765484,0.0879671,0.0999903,0.11257,0.125655,0.139192,0.153128,0.167406,0.181969,0.196758,0.211713,0.226775,0.241882,0.256974,0.27199,0.28687,0.301553,0.315981,0.330095,0.343839,0.357157,0.369995,0.382303,0.39403,0.405129,0.415555,0.425267,0.434226,0.442394,0.44974,0.456234,0.46185,0.466564,0.470359,0.473218,0.475131,0.476089,0.476089,0.475131,0.473218,0.470359,0.466564,0.46185,0.456234,0.44974,0.442394,0.434226,0.425267,0.415555,0.405129,0.39403,0.382303,0.369995,0.357157,0.343839,0.330095,0.315981,0.301553,0.28687,0.27199,0.256974,0.241882,0.226775,0.211713,0.196758,0.181969,0.167406,0.153128,0.139192,0.125655,0.11257,0.0999903,0.0879671,0.0765484,0.0657802,0.0557059,0.046366,0.0377983,0.030037,0.0231136,0.0170559,0.0118883,0.00763156,0.00430286,0.0019156,0.000479381,0,
0,0.000511317,0.00204321,0.00458951,0.00813996,0.0126803,0.0181921,0.0246534,0.032038,0.0403163,0.0494548,0.0594169,0.0701623,0.0816478,0.0938272,0.106651,0.120069,0.134025,0.148465,0.163329,0.178559,0.194092,0.209866,0.225817,0.241882,0.257996,0.274093,0.29011,0.305981,0.321642,0.337031,0.352085,0.366745,0.38095,0.394644,0.407771,0.420279,0.432118,0.443239,0.453598,0.463153,0.471866,0.479701,0.486627,0.492617,0.497646,0.501693,0.504743,0.506783,0.507805,0.507805,0.506783,0.504743,0.501693,0.497646,0.492617,0.486627,0.479701,0.471866,0.463153,0.453598,0.443239,0.432118,0.420279,0.407771,0.394644,0.38095,0.366745,0.352085,0.337031,0.321642,0.305981,0.29011,0.274093,0.257996,0.241882,0.225817,0.209866,0.194092,0.178559,0.163329,0.148465,0.134025,0.120069,0.106651,0.0938272,0.0816478,0.0701623,0.0594169,0.0494548,0.0403163,0.032038,0.0246534,0.0181921,0.0126803,0.00813996,0.00458951,0.00204321,0.000511317,0,
0,0.00054322,0.00217069,0.00487586,0.00864784,0.0134714,0.0193272,0.0261916,0.034037,0.0428318,0.0525405,0.0631241,0.07454,0.0867422,0.0996815,0.113306,0.12756,0.142388,0.157728,0.17352,0.1897,0.206202,0.22296,0.239907,0.256974,0.274093,0.291195,0.308211,0.325072,0.34171,0.35806,0.374053,0.389627,0.404719,0.419267,0.433214,0.446502,0.459079,0.470894,0.481899,0.492051,0.501307,0.509631,0.51699,0.523353,0.528696,0.532996,0.536236,0.538403,0.539489,0.539489,0.538403,0.536236,0.532996,0.528696,0.523353,0.51699,0.509631,0.501307,0.492051,0.481899,0.470894,0.459079,0.446502,0.433214,0.419267,0.404719,0.389627,0.374053,0.35806,0.34171,0.325072,0.308211,0.291195,0.274093,0.256974,0.239907,0.22296,0.206202,0.1897,0.17352,0.157728,0.142388,0.12756,0.113306,0.0996815,0.0867422,0.07454,0.0631241,0.0525405,0.0428318,0.034037,0.0261916,0.0193272,0.0134714,0.00864784,0.00487586,0.00217069,0.00054322,0,
0,0.000574962,0.00229753,0.00516078,0.00915317,0.0142586,0.0204566,0.0277221,0.0360259,0.0453346,0.0556107,0.0668127,0.0788957,0.0918109,0.105506,0.119927,0.135014,0.150708,0.166945,0.18366,0.200785,0.218251,0.235988,0.253926,0.27199,0.29011,0.308211,0.326221,0.344067,0.361678,0.378982,0.395911,0.412395,0.428368,0.443766,0.458528,0.472593,0.485905,0.49841,0.510059,0.520803,0.530601,0.539411,0.5472,0.553935,0.559589,0.564141,0.56757,0.569864,0.571014,0.571014,0.569864,0.56757,0.564141,0.559589,0.553935,0.5472,0.539411,0.530601,0.520803,0.510059,0.49841,0.485905,0.472593,0.458528,0.443766,0.428368,0.412395,0.395911,0.378982,0.361678,0.344067,0.326221,0.308211,0.29011,0.27199,0.253926,0.235988,0.218251,0.200785,0.18366,0.166945,0.150708,0.135014,0.119927,0.105506,0.0918109,0.0788957,0.0668127,0.0556107,0.0453346,0.0360259,0.0277221,0.0204566,0.0142586,0.00915317,0.00516078,0.00229753,0.000574962,0,
0,0.000606416,0.00242322,0.00544311,0.0096539,0.0150387,0.0215757,0.0292387,0.0379968,0.0478147,0.0586529,0.0704678,0.0832118,0.0968335,0.111278,0.126488,0.1424,0.158953,0.176078,0.193707,0.211769,0.230191,0.248899,0.267817,0.28687,0.305981,0.325072,0.344067,0.36289,0.381464,0.399715,0.417569,0.434955,0.451803,0.468043,0.483612,0.498447,0.512487,0.525677,0.537962,0.549294,0.559628,0.56892,0.577135,0.584239,0.590203,0.595003,0.59862,0.601039,0.602252,0.602252,0.601039,0.59862,0.595003,0.590203,0.584239,0.577135,0.56892,0.559628,0.549294,0.537962,0.525677,0.512487,0.498447,0.483612,0.468043,0.451803,0.434955,0.417569,0.399715,0.381464,0.36289,0.344067,0.325072,0.305981,0.28687,0.267817,0.248899,0.230191,0.211769,0.193707,0.176078,0.158953,0.1424,0.126488,0.111278,0.0968335,0.0832118,0.0704678,0.0586529,0.0478147,0.0379968,0.0292387,0.0215757,0.0150387,0.0096539,0.00544311,0.00242322,0.000606416,0,
0,0.000637455,0.00254725,0.00572171,0.010148,0.0158084,0.02268,0.0307352,0.0399416,0.0502621,0.061655,0.0740746,0.0874709,0.10179,0.116974,0.132962,0.149689,0.167089,0.18509,0.203622,0.222608,0.241973,0.261638,0.281525,0.301553,0.321642,0.34171,0.361678,0.381464,0.400989,0.420174,0.438942,0.457218,0.474928,0.492,0.508366,0.523959,0.538718,0.552583,0.565497,0.57741,0.588272,0.59804,0.606675,0.614142,0.620412,0.625458,0.62926,0.631803,0.633078,0.633078,0.631803,0.62926,0.625458,0.620412,0.614142,0.606675,0.59804,0.588272,0.57741,0.565497,0.552583,0.538718,0.523959,0.508366,0.492,0.474928,0.457218,0.438942,0.420174,0.400989,0.381464,0.361678,0.34171,0.321642,0.301553,0.281525,0.261638,0.241973,0.222608,0.203622,0.18509,0.167089,0.149689,0.132962,0.116974,0.10179,0.0874709,0.0740746,0.061655,0.0502621,0.0399416,0.0307352,0.02268,0.0158084,0.010148,0.00572171,0.00254725,0.000637455,0,
0,0.000667954,0.00266913,0.00599546,0.0106336,0.0165648,0.0237652,0.0322058,0.0418526,0.0526668,0.0646049,0.0776187,0.0916559,0.10666,0.12257,0.139323,0.156851,0.175083,0.193946,0.213364,0.233259,0.25355,0.274156,0.294995,0.315981,0.337031,0.35806,0.378982,0.399715,0.420174,0.440277,0.459944,0.479094,0.49765,0.515539,0.532688,0.549028,0.564493,0.579021,0.592553,0.605036,0.616418,0.626653,0.635702,0.643526,0.650095,0.655382,0.659367,0.662032,0.663367,0.663367,0.662032,0.659367,0.655382,0.650095,0.643526,0.635702,0.626653,0.616418,0.605036,0.592553,0.579021,0.564493,0.549028,0.532688,0.515539,0.49765,0.479094,0.459944,0.440277,0.420174,0.399715,0.378982,0.35806,0.337031,0.315981,0.294995,0.274156,0.25355,0.233259,0.213364,0.193946,0.175083,0.156851,0.139323,0.12257,0.10666,0.0916559,0.0776187,0.0646049,0.0526668,0.0418526,0.0322058,0.0237652,0.0165648,0.0106336,0.00599546,0.00266913,0.000667954,0,
0,0.00069779,0.00278835,0.00626327,0.0111085,0.0173047,0.0248267,0.0336443,0.0437221,0.0550193,0.0674907,0.0810858,0.09575,0.111424,0.128045,0.145547,0.163857,0.182904,0.202609,0.222894,0.243678,0.264875,0.286402,0.308171,0.330095,0.352085,0.374053,0.395911,0.417569,0.438942,0.459944,0.480488,0.500494,0.519879,0.538567,0.556482,0.573552,0.589708,0.604885,0.619022,0.632061,0.643952,0.654644,0.664097,0.672271,0.679133,0.684657,0.688819,0.691603,0.692998,0.692998,0.691603,0.688819,0.684657,0.679133,0.672271,0.664097,0.654644,0.643952,0.632061,0.619022,0.604885,0.589708,0.573552,0.556482,0.538567,0.519879,0.500494,0.480488,0.459944,0.438942,0.417569,0.395911,0.374053,0.352085,0.330095,0.308171,0.286402,0.264875,0.243678,0.222894,0.202609,0.182904,0.163857,0.145547,0.128045,0.111424,0.09575,0.0810858,0.0674907,0.0550193,0.0437221,0.0336443,0.0248267,0.0173047,0.0111085,0.00626327,0.00278835,0.00069779,0,
0,0.000726843,0.00290445,0.00652404,0.0115711,0.0180252,0.0258604,0.0350451,0.0455425,0.0573101,0.0703007,0.0844619,0.0997366,0.116063,0.133377,0.151606,0.170679,0.190519,0.211045,0.232175,0.253823,0.275904,0.298327,0.321002,0.343839,0.366745,0.389627,0.412395,0.434955,0.457218,0.479094,0.500494,0.521332,0.541525,0.560991,0.579652,0.597432,0.614261,0.63007,0.644795,0.658378,0.670763,0.681901,0.691747,0.700261,0.70741,0.713163,0.717499,0.720399,0.721852,0.721852,0.720399,0.717499,0.713163,0.70741,0.700261,0.691747,0.681901,0.670763,0.658378,0.644795,0.63007,0.614261,0.597432,0.579652,0.560991,0.541525,0.521332,0.500494,0.479094,0.457218,0.434955,0.412395,0.389627,0.366745,0.343839,0.321002,0.298327,0.275904,0.253823,0.232175,0.211045,0.190519,0.170679,0.151606,0.133377,0.116063,0.0997366,0.0844619,0.0703007,0.0573101,0.0455425,0.0350451,0.0258604,0.0180252,0.0115711,0.00652404,0.00290445,0.000726843,0,
0,0.000754996,0.00301695,0.00677674,0.0120192,0.0187233,0.026862,0.0364025,0.0473065,0.0595299,0.0730237,0.0877333,0.1036,0.120559,0.138543,0.157479,0.17729,0.197898,0.219219,0.241168,0.263655,0.28659,0.309882,0.333436,0.357157,0.38095,0.404719,0.428368,0.451803,0.474928,0.49765,0.519879,0.541525,0.5625,0.58272,0.602104,0.620573,0.638053,0.654474,0.66977,0.683879,0.696744,0.708313,0.718541,0.727385,0.73481,0.740786,0.74529,0.748302,0.749811,0.749811,0.748302,0.74529,0.740786,0.73481,0.727385,0.718541,0.708313,0.696744,0.683879,0.66977,0.654474,0.638053,0.620573,0.602104,0.58272,0.5625,0.541525,0.519879,0.49765,0.474928,0.451803,0.428368,0.404719,0.38095,0.357157,0.333436,0.309882,0.28659,0.263655,0.241168,0.219219,0.197898,0.17729,0.157479,0.138543,0.120559,0.1036,0.0877333,0.0730237,0.0595299,0.0473065,0.0364025,0.026862,0.0187233,0.0120192,0.00677674,0.00301695,0.000754996,0,
0,0.000782136,0.00312539,0.00702034,0.0124513,0.0193964,0.0278276,0.0377111,0.049007,0.0616698,0.0756486,0.0908871,0.107324,0.124893,0.143523,0.163139,0.183663,0.205012,0.2271,0.249837,0.273132,0.296892,0.321021,0.345422,0.369995,0.394644,0.419267,0.443766,0.468043,0.492,0.515539,0.538567,0.560991,0.58272,0.603667,0.623747,0.64288,0.660989,0.678,0.693846,0.708462,0.721789,0.733775,0.74437,0.753532,0.761224,0.767415,0.77208,0.775201,0.776764,0.776764,0.775201,0.77208,0.767415,0.761224,0.753532,0.74437,0.733775,0.721789,0.708462,0.693846,0.678,0.660989,0.64288,0.623747,0.603667,0.58272,0.560991,0.538567,0.515539,0.492,0.468043,0.443766,0.419267,0.394644,0.369995,0.345422,0.321021,0.296892,0.273132,0.249837,0.2271,0.205012,0.183663,0.163139,0.143523,0.124893,0.107324,0.0908871,0.0756486,0.0616698,0.049007,0.0377111,0.0278276,0.0193964,0.0124513,0.00702034,0.00312539,0.000782136,0,
0,0.000808153,0.00322936,0.00725386,0.0128655,0.0200416,0.0287533,0.0389655,0.0506372,0.0637212,0.078165,0.0939103,0.110894,0.129047,0.148297,0.168566,0.189773,0.211832,0.234654,0.258147,0.282218,0.306768,0.3317,0.356912,0.382303,0.407771,0.433214,0.458528,0.483612,0.508366,0.532688,0.556482,0.579652,0.602104,0.623747,0.644496,0.664265,0.682976,0.700553,0.716926,0.732028,0.745799,0.758183,0.769131,0.778597,0.786545,0.792942,0.797763,0.800987,0.802603,0.802603,0.800987,0.797763,0.792942,0.786545,0.778597,0.769131,0.758183,0.745799,0.732028,0.716926,0.700553,0.682976,0.664265,0.644496,0.623747,0.602104,0.579652,0.556482,0.532688,0.508366,0.483612,0.458528,0.433214,0.407771,0.382303,0.356912,0.3317,0.306768,0.282218,0.258147,0.234654,0.211832,0.189773,0.168566,0.148297,0.129047,0.110894,0.0939103,0.078165,0.0637212,0.0506372,0.0389655,0.0287533,0.0200416,0.0128655,0.00725386,0.00322936,0.000808153,0,
0,0.000832943,0.00332842,0.00747637,0.0132601,0.0206563,0.0296353,0.0401608,0.0521904,0.0656758,0.0805627,0.096791,0.114295,0.133006,0.152846,0.173737,0.195594,0.218329,0.241852,0.266066,0.290875,0.316178,0.341874,0.36786,0.39403,0.420279,0.446502,0.472593,0.498447,0.523959,0.549028,0.573552,0.597432,0.620573,0.64288,0.664265,0.684641,0.703926,0.722042,0.738917,0.754483,0.768676,0.78144,0.792723,0.80248,0.810672,0.817265,0.822234,0.825557,0.827222,0.827222,0.825557,0.822234,0.817265,0.810672,0.80248,0.792723,0.78144,0.768676,0.754483,0.738917,0.722042,0.703926,0.684641,0.664265,0.64288,0.620573,0.597432,0.573552,0.549028,0.523959,0.498447,0.472593,0.446502,0.420279,0.39403,0.36786,0.341874,0.316178,0.290875,0.266066,0.241852,0.218329,0.195594,0.173737,0.152846,0.133006,0.114295,0.096791,0.0805627,0.0656758,0.0521904,0.0401608,0.0296353,0.0206563,0.0132601,0.00747637,0.00332842,0.000832943,0,
0,0.000856405,0.00342217,0.00768697,0.0136336,0.0212382,0.03047,0.041292,0.0536605,0.0675258,0.0828319,0.0995174,0.117515,0.136752,0.157151,0.178631,0.201103,0.224479,0.248664,0.27356,0.299068,0.325084,0.351504,0.378222,0.405129,0.432118,0.459079,0.485905,0.512487,0.538718,0.564493,0.589708,0.614261,0.638053,0.660989,0.682976,0.703926,0.723754,0.742381,0.759731,0.775735,0.790328,0.803452,0.815053,0.825085,0.833507,0.840286,0.845394,0.848811,0.850523,0.850523,0.848811,0.845394,0.840286,0.833507,0.825085,0.815053,0.803452,0.790328,0.775735,0.759731,0.742381,0.723754,0.703926,0.682976,0.660989,0.638053,0.614261,0.589708,0.564493,0.538718,0.512487,0.485905,0.459079,0.432118,0.405129,0.378222,0.351504,0.325084,0.299068,0.27356,0.248664,0.224479,0.201103,0.178631,0.157151,0.136752,0.117515,0.0995174,0.0828319,0.0675258,0.0536605,0.041292,0.03047,0.0212382,0.0136336,0.00768697,0.00342217,0.000856405,0,
0,0.000878445,0.00351024,0.0078848,0.0139845,0.0217848,0.0312542,0.0423547,0.0550415,0.0692636,0.0849637,0.102079,0.120539,0.140272,0.161196,0.183228,0.206279,0.230257,0.255064,0.280601,0.306765,0.333451,0.360551,0.387956,0.415555,0.443239,0.470894,0.49841,0.525677,0.552583,0.579021,0.604885,0.63007,0.654474,0.678,0.700553,0.722042,0.742381,0.761487,0.779284,0.795699,0.810668,0.824129,0.836029,0.846319,0.854958,0.861912,0.867152,0.870657,0.872413,0.872413,0.870657,0.867152,0.861912,0.854958,0.846319,0.836029,0.824129,0.810668,0.795699,0.779284,0.761487,0.742381,0.722042,0.700553,0.678,0.654474,0.63007,0.604885,0.579021,0.552583,0.525677,0.49841,0.470894,0.443239,0.415555,0.387956,0.360551,0.333451,0.306765,0.280601,0.255064,0.230257,0.206279,0.183228,0.161196,0.140272,0.120539,0.102079,0.0849637,0.0692636,0.0550415,0.0423547,0.0312542,0.0217848,0.0139845,0.0078848,0.00351024,0.000878445,0,
0,0.000898976,0.00359228,0.00806908,0.0143113,0.0222939,0.0319847,0.0433446,0.0563279,0.0708824,0.0869494,0.104464,0.123356,0.14355,0.164963,0.18751,0.2111,0.235638,0.261025,0.287159,0.313934,0.341244,0.368977,0.397023,0.425267,0.453598,0.481899,0.510059,0.537962,0.565497,0.592553,0.619022,0.644795,0.66977,0.693846,0.716926,0.738917,0.759731,0.779284,0.797496,0.814296,0.829614,0.84339,0.855568,0.866099,0.87494,0.882056,0.887418,0.891005,0.892802,0.892802,0.891005,0.887418,0.882056,0.87494,0.866099,0.855568,0.84339,0.829614,0.814296,0.797496,0.779284,0.759731,0.738917,0.716926,0.693846,0.66977,0.644795,0.619022,0.592553,0.565497,0.537962,0.510059,0.481899,0.453598,0.425267,0.397023,0.368977,0.341244,0.313934,0.287159,0.261025,0.235638,0.2111,0.18751,0.164963,0.14355,0.123356,0.104464,0.0869494,0.0708824,0.0563279,0.0433446,0.0319847,0.0222939,0.0143113,0.00806908,0.00359228,0.000898976,0,
0,0.000917913,0.00366795,0.00823905,0.0146128,0.0227635,0.0326584,0.0442576,0.0575145,0.0723756,0.088781,0.106665,0.125955,0.146574,0.168438,0.19146,0.215547,0.240602,0.266523,0.293208,0.320547,0.348432,0.37675,0.405386,0.434226,0.463153,0.492051,0.520803,0.549294,0.57741,0.605036,0.632061,0.658378,0.683879,0.708462,0.732028,0.754483,0.775735,0.795699,0.814296,0.831449,0.84709,0.861156,0.873591,0.884343,0.89337,0.900636,0.906111,0.909774,0.911609,0.911609,0.909774,0.906111,0.900636,0.89337,0.884343,0.873591,0.861156,0.84709,0.831449,0.814296,0.795699,0.775735,0.754483,0.732028,0.708462,0.683879,0.658378,0.632061,0.605036,0.57741,0.549294,0.520803,0.492051,0.463153,0.434226,0.405386,0.37675,0.348432,0.320547,0.293208,0.266523,0.240602,0.215547,0.19146,0.168438,0.146574,0.125955,0.106665,0.088781,0.0723756,0.0575145,0.0442576,0.0326584,0.0227635,0.0146128,0.00823905,0.00366795,0.000917913,0,
0,0.00093518,0.00373696,0.00839405,0.0148877,0.0231918,0.0332728,0.0450902,0.0585964,0.0737371,0.0904512,0.108671,0.128324,0.149331,0.171607,0.195062,0.219602,0.245128,0.271537,0.298724,0.326578,0.354987,0.383837,0.413012,0.442394,0.471866,0.501307,0.530601,0.559628,0.588272,0.616418,0.643952,0.670763,0.696744,0.721789,0.745799,0.768676,0.790328,0.810668,0.829614,0.84709,0.863026,0.877356,0.890024,0.900979,0.910176,0.917579,0.923157,0.926888,0.928758,0.928758,0.926888,0.923157,0.917579,0.910176,0.900979,0.890024,0.877356,0.863026,0.84709,0.829614,0.810668,0.790328,0.768676,0.745799,0.721789,0.696744,0.670763,0.643952,0.616418,0.588272,0.559628,0.530601,0.501307,0.471866,0.442394,0.413012,0.383837,0.354987,0.326578,0.298724,0.271537,0.245128,0.219602,0.195062,0.171607,0.149331,0.128324,0.108671,0.0904512,0.0737371,0.0585964,0.0450902,0.0332728,0.0231918,0.0148877,0.00839405,0.00373696,0.00093518,0,
