functionName, calculator,N,initTime, calcTime, calcHz, bytes, maxError, blankColumn, err1, err2, err3, Blank
rho is 0.0625
f: 
0,0,0,0,
0,0.5625,0.5625,0,
0,0.5625,0.5625,0,
0,0,0,0,
exact(trunc):
0.00119207,0.0344489,0.0344489,0.00119207,
0.0344489,0.786653,0.786653,0.0344489,
0.0344489,0.786653,0.786653,0.0344489,
0.00119207,0.0344489,0.0344489,0.00119207,
result
0.00119207,0.0344489,0.0344489,0.00119207,
0.0344489,0.786653,0.786653,0.0344489,
0.0344489,0.786653,0.786653,0.0344489,
0.00119207,0.0344489,0.0344489,0.00119207,
diff
-5.85469e-18,2.77556e-17,1.38778e-17,-4.33681e-19,
1.38778e-17,-1.11022e-16,-2.22045e-16,6.93889e-18,
-6.93889e-18,-2.22045e-16,-3.33067e-16,-2.77556e-17,
1.60462e-17,-8.32667e-17,-5.55112e-17,-4.33681e-19,

rho is 0.46875
f: 
0,0,0,0,
0,0.5625,0.5625,0,
0,0.5625,0.5625,0,
0,0,0,0,
exact(trunc):
0.0495933,0.197591,0.197591,0.0495933,
0.197591,0.600846,0.600846,0.197591,
0.197591,0.600846,0.600846,0.197591,
0.0495933,0.197591,0.197591,0.0495933,
result
0.0495933,0.197591,0.197591,0.0495933,
0.197591,0.600846,0.600846,0.197591,
0.197591,0.600846,0.600846,0.197591,
0.0495933,0.197591,0.197591,0.0495933,
diff
2.77556e-17,-5.55112e-17,-5.55112e-17,-2.77556e-17,
0,-1.11022e-16,-1.11022e-16,-8.32667e-17,
0,-1.11022e-16,0,-1.11022e-16,
0,-1.11022e-16,-1.38778e-16,-3.46945e-17,

rho is 0.875
f: 
0,0,0,0,
0,0.5625,0.5625,0,
0,0.5625,0.5625,0,
0,0,0,0,
exact(trunc):
0.119862,0.231963,0.231963,0.119862,
0.231963,0.292588,0.292588,0.231963,
0.231963,0.292588,0.292588,0.231963,
0.119862,0.231963,0.231963,0.119862,
result
0.119862,0.231963,0.231963,0.119862,
0.231963,0.292588,0.292588,0.231963,
0.231963,0.292588,0.292588,0.231963,
0.119862,0.231963,0.231963,0.119862,
diff
-4.16334e-17,0,-2.77556e-17,-5.55112e-17,
0,-1.11022e-16,-1.11022e-16,-8.32667e-17,
-1.11022e-16,-1.11022e-16,0,-2.77556e-17,
2.77556e-17,-8.32667e-17,-5.55112e-17,6.93889e-17,

SmoothPoly,CPUChebDense,4,0.008,32976,30325.1,8, 4.23397e-16,,4.23397e-16,2.30971e-16,3.79449e-16,
       JobID  MaxVMSize     AveCPU     MaxRSS     AveRSS 
------------ ---------- ---------- ---------- ---------- 
534669.batch    147348K  00:00.000      1316K      1316K 
