functionName, calculator,N,initTime, calcTime, calcHz, bytes, maxError, blankColumn, err1, err2, err3, Blank
rho is 0.0625
f: 
0,0,0,0,0,0,0,0,0,0,0,0,0,0,0,0,0,0,0,0,0,0,0,0,0,0,0,0,0,0,0,0,0,0,0,0,0,0,0,0,0,0,0,0,0,0,0,0,0,0,0,0,0,0,0,0,0,0,0,0,0,0,0,0,0,0,0,0,0,0,0,0,0,0,0,0,0,0,0,0,0,0,0,0,
0,2.05056e-06,8.19049e-06,1.83846e-05,3.25746e-05,5.06791e-05,7.25944e-05,9.8195e-05,0.000127334,0.000159845,0.000195542,0.00023422,0.000275657,0.000319616,0.000365846,0.000414081,0.000464046,0.000515454,0.00056801,0.000621414,0.00067536,0.000729538,0.000783639,0.000837352,0.00089037,0.00094239,0.000993112,0.00104225,0.00108951,0.00113464,0.00117737,0.00121746,0.00125467,0.0012888,0.00131965,0.00134703,0.00137081,0.00139083,0.00140699,0.00141919,0.00142737,0.00143146,0.00143146,0.00142737,0.00141919,0.00140699,0.00139083,0.00137081,0.00134703,0.00131965,0.0012888,0.00125467,0.00121746,0.00117737,0.00113464,0.00108951,0.00104225,0.000993112,0.00094239,0.00089037,0.000837352,0.000783639,0.000729538,0.00067536,0.000621414,0.00056801,0.000515454,0.000464046,0.000414081,0.000365846,0.000319616,0.000275657,0.00023422,0.000195542,0.000159845,0.000127334,9.8195e-05,7.25944e-05,5.06791e-05,3.25746e-05,1.83846e-05,8.19049e-06,2.05056e-06,0,
0,8.19049e-06,3.27151e-05,7.34332e-05,0.000130112,0.000202426,0.000289962,0.000392218,0.000508608,0.000638466,0.000781048,0.000935537,0.00110105,0.00127663,0.00146129,0.00165395,0.00185353,0.00205886,0.00226879,0.0024821,0.00269757,0.00291397,0.00313007,0.00334461,0.00355638,0.00376416,0.00396676,0.00416302,0.00435181,0.00453206,0.00470273,0.00486285,0.00501149,0.00514781,0.00527102,0.00538042,0.00547539,0.00555537,0.00561991,0.00566864,0.00570129,0.00571766,0.00571766,0.00570129,0.00566864,0.00561991,0.00555537,0.00547539,0.00538042,0.00527102,0.00514781,0.00501149,0.00486285,0.00470273,0.00453206,0.00435181,0.00416302,0.00396676,0.00376416,0.00355638,0.00334461,0.00313007,0.00291397,0.00269757,0.0024821,0.00226879,0.00205886,0.00185353,0.00165395,0.00146129,0.00127663,0.00110105,0.000935537,0.000781048,0.000638466,0.000508608,0.000392218,0.000289962,0.000202426,0.000130112,7.34332e-05,3.27151e-05,8.19049e-06,0,
0,1.83846e-05,7.34332e-05,0.00016483,0.000292053,0.000454371,0.000650857,0.000880383,0.00114164,0.00143312,0.00175316,0.00209993,0.00247145,0.00286557,0.00328005,0.00371251,0.00416048,0.00462138,0.00509259,0.00557139,0.00605505,0.00654079,0.00702584,0.00750742,0.00798276,0.00844915,0.00890391,0.00934444,0.00976822,0.0101728,0.0105559,0.0109153,0.0112489,0.0115549,0.0118315,0.0120771,0.0122902,0.0124698,0.0126146,0.012724,0.0127973,0.012834,0.012834,0.0127973,0.012724,0.0126146,0.0124698,0.0122902,0.0120771,0.0118315,0.0115549,0.0112489,0.0109153,0.0105559,0.0101728,0.00976822,0.00934444,0.00890391,0.00844915,0.00798276,0.00750742,0.00702584,0.00654079,0.00605505,0.00557139,0.00509259,0.00462138,0.00416048,0.00371251,0.00328005,0.00286557,0.00247145,0.00209993,0.00175316,0.00143312,0.00114164,0.000880383,0.000650857,0.000454371,0.000292053,0.00016483,7.34332e-05,1.83846e-05,0,
0,3.25746e-05,0.000130112,0.000292053,0.00051747,0.000805073,0.00115321,0.0015599,0.00202279,0.00253926,0.00310632,0.00372074,0.004379,0.00507733,0.00581172,0.00657797,0.0073717,0.00818834,0.00902324,0.0098716,0.0107286,0.0115892,0.0124487,0.0133019,0.0141442,0.0149705,0.0157763,0.0165568,0.0173077,0.0180246,0.0187033,0.0193401,0.0199313,0.0204735,0.0209635,0.0213986,0.0217763,0.0220944,0.0223511,0.0225449,0.0226747,0.0227398,0.0227398,0.0226747,0.0225449,0.0223511,0.0220944,0.0217763,0.0213986,0.0209635,0.0204735,0.0199313,0.0193401,0.0187033,0.0180246,0.0173077,0.0165568,0.0157763,0.0149705,0.0141442,0.0133019,0.0124487,0.0115892,0.0107286,0.0098716,0.00902324,0.00818834,0.0073717,0.00657797,0.00581172,0.00507733,0.004379,0.00372074,0.00310632,0.00253926,0.00202279,0.0015599,0.00115321,0.000805073,0.00051747,0.000292053,0.000130112,3.25746e-05,0,
0,5.06791e-05,0.000202426,0.000454371,0.000805073,0.00125252,0.00179415,0.00242686,0.00314704,0.00395054,0.00483277,0.00578868,0.00681279,0.00789923,0.00904179,0.0102339,0.0114688,0.0127393,0.0140382,0.0153581,0.0166913,0.0180304,0.0193674,0.020695,0.0220053,0.0232909,0.0245445,0.0257589,0.0269271,0.0280424,0.0290984,0.0300891,0.0310088,0.0318523,0.0326147,0.0332916,0.0338792,0.0343741,0.0347735,0.035075,0.035277,0.0353783,0.0353783,0.035277,0.035075,0.0347735,0.0343741,0.0338792,0.0332916,0.0326147,0.0318523,0.0310088,0.0300891,0.0290984,0.0280424,0.0269271,0.0257589,0.0245445,0.0232909,0.0220053,0.020695,0.0193674,0.0180304,0.0166913,0.0153581,0.0140382,0.0127393,0.0114688,0.0102339,0.00904179,0.00789923,0.00681279,0.00578868,0.00483277,0.00395054,0.00314704,0.00242686,0.00179415,0.00125252,0.000805073,0.000454371,0.000202426,5.06791e-05,0,
0,7.25944e-05,0.000289962,0.000650857,0.00115321,0.00179415,0.00257,0.00347632,0.00450792,0.00565888,0.00692262,0.0082919,0.00975886,0.0113151,0.0129518,0.0146594,0.0164283,0.0182482,0.0201088,0.0219994,0.0239092,0.0258273,0.0277426,0.0296441,0.0315211,0.0333627,0.0351584,0.0368979,0.0385712,0.0401688,0.0416815,0.0431007,0.0444181,0.0456263,0.0467184,0.047688,0.0485297,0.0492386,0.0498107,0.0502426,0.050532,0.050677,0.050677,0.050532,0.0502426,0.0498107,0.0492386,0.0485297,0.047688,0.0467184,0.0456263,0.0444181,0.0431007,0.0416815,0.0401688,0.0385712,0.0368979,0.0351584,0.0333627,0.0315211,0.0296441,0.0277426,0.0258273,0.0239092,0.0219994,0.0201088,0.0182482,0.0164283,0.0146594,0.0129518,0.0113151,0.00975886,0.0082919,0.00692262,0.00565888,0.00450792,0.00347632,0.00257,0.00179415,0.00115321,0.000650857,0.000289962,7.25944e-05,0,
0,9.8195e-05,0.000392218,0.000880383,0.0015599,0.00242686,0.00347632,0.00470226,0.00609765,0.0076545,0.0093639,0.0112161,0.0132004,0.0153054,0.0175192,0.0198291,0.0222217,0.0246835,0.0272003,0.0297576,0.0323409,0.0349353,0.0375261,0.0400982,0.0426371,0.0451282,0.0475571,0.04991,0.0521735,0.0543345,0.0563806,0.0583002,0.0600823,0.0617166,0.0631938,0.0645054,0.0656439,0.0666028,0.0673766,0.0679608,0.0683522,0.0685485,0.0685485,0.0683522,0.0679608,0.0673766,0.0666028,0.0656439,0.0645054,0.0631938,0.0617166,0.0600823,0.0583002,0.0563806,0.0543345,0.0521735,0.04991,0.0475571,0.0451282,0.0426371,0.0400982,0.0375261,0.0349353,0.0323409,0.0297576,0.0272003,0.0246835,0.0222217,0.0198291,0.0175192,0.0153054,0.0132004,0.0112161,0.0093639,0.0076545,0.00609765,0.00470226,0.00347632,0.00242686,0.0015599,0.000880383,0.000392218,9.8195e-05,0,
0,0.000127334,0.000508608,0.00114164,0.00202279,0.00314704,0.00450792,0.00609765,0.00790712,0.00992597,0.0121426,0.0145444,0.0171176,0.0198473,0.0227181,0.0257133,0.028816,0.0320083,0.0352719,0.0385882,0.041938,0.0453024,0.0486619,0.0519974,0.0552896,0.0585199,0.0616696,0.0647208,0.0676559,0.0704582,0.0731115,0.0756008,0.0779117,0.0800309,0.0819465,0.0836473,0.0851236,0.0863671,0.0873705,0.0881281,0.0886357,0.0888901,0.0888901,0.0886357,0.0881281,0.0873705,0.0863671,0.0851236,0.0836473,0.0819465,0.0800309,0.0779117,0.0756008,0.0731115,0.0704582,0.0676559,0.0647208,0.0616696,0.0585199,0.0552896,0.0519974,0.0486619,0.0453024,0.041938,0.0385882,0.0352719,0.0320083,0.028816,0.0257133,0.0227181,0.0198473,0.0171176,0.0145444,0.0121426,0.00992597,0.00790712,0.00609765,0.00450792,0.00314704,0.00202279,0.00114164,0.000508608,0.000127334,0,
0,0.000159845,0.000638466,0.00143312,0.00253926,0.00395054,0.00565888,0.0076545,0.00992597,0.0124603,0.0152429,0.0182579,0.021488,0.0249147,0.0285184,0.0322785,0.0361733,0.0401807,0.0442776,0.0484405,0.0526457,0.056869,0.0610863,0.0652733,0.0694062,0.0734612,0.0774152,0.0812453,0.0849299,0.0884476,0.0917784,0.0949032,0.0978041,0.100464,0.102869,0.105004,0.106857,0.108418,0.109678,0.110629,0.111266,0.111586,0.111586,0.111266,0.110629,0.109678,0.108418,0.106857,0.105004,0.102869,0.100464,0.0978041,0.0949032,0.0917784,0.0884476,0.0849299,0.0812453,0.0774152,0.0734612,0.0694062,0.0652733,0.0610863,0.056869,0.0526457,0.0484405,0.0442776,0.0401807,0.0361733,0.0322785,0.0285184,0.0249147,0.021488,0.0182579,0.0152429,0.0124603,0.00992597,0.0076545,0.00565888,0.00395054,0.00253926,0.00143312,0.000638466,0.000159845,0,
0,0.000195542,0.000781048,0.00175316,0.00310632,0.00483277,0.00692262,0.0093639,0.0121426,0.0152429,0.0186469,0.0223352,0.0262867,0.0304787,0.0348872,0.0394869,0.0442515,0.0491538,0.0541656,0.0592582,0.0644025,0.069569,0.074728,0.0798502,0.084906,0.0898666,0.0947035,0.099389,0.103896,0.1082,0.112274,0.116097,0.119646,0.1229,0.125842,0.128454,0.130721,0.13263,0.134171,0.135335,0.136114,0.136505,0.136505,0.136114,0.135335,0.134171,0.13263,0.130721,0.128454,0.125842,0.1229,0.119646,0.116097,0.112274,0.1082,0.103896,0.099389,0.0947035,0.0898666,0.084906,0.0798502,0.074728,0.069569,0.0644025,0.0592582,0.0541656,0.0491538,0.0442515,0.0394869,0.0348872,0.0304787,0.0262867,0.0223352,0.0186469,0.0152429,0.0121426,0.0093639,0.00692262,0.00483277,0.00310632,0.00175316,0.000781048,0.000195542,0,
0,0.00023422,0.000935537,0.00209993,0.00372074,0.00578868,0.0082919,0.0112161,0.0145444,0.0182579,0.0223352,0.0267531,0.0314861,0.0365073,0.0417878,0.0472973,0.0530044,0.0588763,0.0648794,0.0709793,0.0771411,0.0833295,0.089509,0.0956443,0.1017,0.107642,0.113436,0.119048,0.124447,0.129601,0.134482,0.139061,0.143311,0.147209,0.150733,0.153861,0.156577,0.158864,0.16071,0.162104,0.163037,0.163505,0.163505,0.163037,0.162104,0.16071,0.158864,0.156577,0.153861,0.150733,0.147209,0.143311,0.139061,0.134482,0.129601,0.124447,0.119048,0.113436,0.107642,0.1017,0.0956443,0.089509,0.0833295,0.0771411,0.0709793,0.0648794,0.0588763,0.0530044,0.0472973,0.0417878,0.0365073,0.0314861,0.0267531,0.0223352,0.0182579,0.0145444,0.0112161,0.0082919,0.00578868,0.00372074,0.00209993,0.000935537,0.00023422,0,
0,0.000275657,0.00110105,0.00247145,0.004379,0.00681279,0.00975886,0.0132004,0.0171176,0.021488,0.0262867,0.0314861,0.0370565,0.042966,0.0491807,0.055665,0.0623817,0.0692924,0.0763576,0.0835367,0.0907886,0.0980718,0.105345,0.112565,0.119693,0.126685,0.133504,0.140109,0.146463,0.15253,0.158274,0.163663,0.168665,0.173253,0.1774,0.181082,0.184278,0.18697,0.189142,0.190782,0.191881,0.192432,0.192432,0.191881,0.190782,0.189142,0.18697,0.184278,0.181082,0.1774,0.173253,0.168665,0.163663,0.158274,0.15253,0.146463,0.140109,0.133504,0.126685,0.119693,0.112565,0.105345,0.0980718,0.0907886,0.0835367,0.0763576,0.0692924,0.0623817,0.055665,0.0491807,0.042966,0.0370565,0.0314861,0.0262867,0.021488,0.0171176,0.0132004,0.00975886,0.00681279,0.004379,0.00247145,0.00110105,0.000275657,0,
0,0.000319616,0.00127663,0.00286557,0.00507733,0.00789923,0.0113151,0.0153054,0.0198473,0.0249147,0.0304787,0.0365073,0.042966,0.0498179,0.0570236,0.0645419,0.0723298,0.0803426,0.0885345,0.0968584,0.105267,0.113711,0.122144,0.130516,0.13878,0.146888,0.154794,0.162453,0.16982,0.176854,0.183514,0.189762,0.195563,0.200882,0.20569,0.209959,0.213665,0.216786,0.219305,0.221207,0.22248,0.223119,0.223119,0.22248,0.221207,0.219305,0.216786,0.213665,0.209959,0.20569,0.200882,0.195563,0.189762,0.183514,0.176854,0.16982,0.162453,0.154794,0.146888,0.13878,0.130516,0.122144,0.113711,0.105267,0.0968584,0.0885345,0.0803426,0.0723298,0.0645419,0.0570236,0.0498179,0.042966,0.0365073,0.0304787,0.0249147,0.0198473,0.0153054,0.0113151,0.00789923,0.00507733,0.00286557,0.00127663,0.000319616,0,
0,0.000365846,0.00146129,0.00328005,0.00581172,0.00904179,0.0129518,0.0175192,0.0227181,0.0285184,0.0348872,0.0417878,0.0491807,0.0570236,0.0652716,0.0738774,0.0827917,0.0919635,0.10134,0.110868,0.120493,0.130159,0.139811,0.149394,0.158853,0.168134,0.177184,0.18595,0.194383,0.202434,0.210058,0.21721,0.223849,0.229938,0.235441,0.240328,0.24457,0.248142,0.251025,0.253202,0.25466,0.255392,0.255392,0.25466,0.253202,0.251025,0.248142,0.24457,0.240328,0.235441,0.229938,0.223849,0.21721,0.210058,0.202434,0.194383,0.18595,0.177184,0.168134,0.158853,0.149394,0.139811,0.130159,0.120493,0.110868,0.10134,0.0919635,0.0827917,0.0738774,0.0652716,0.0570236,0.0491807,0.0417878,0.0348872,0.0285184,0.0227181,0.0175192,0.0129518,0.00904179,0.00581172,0.00328005,0.00146129,0.000365846,0,
0,0.000414081,0.00165395,0.00371251,0.00657797,0.0102339,0.0146594,0.0198291,0.0257133,0.0322785,0.0394869,0.0472973,0.055665,0.0645419,0.0738774,0.0836178,0.0937075,0.104089,0.114702,0.125486,0.136379,0.14732,0.158245,0.169091,0.179798,0.190302,0.200545,0.210467,0.220012,0.229125,0.237753,0.245848,0.253363,0.260254,0.266484,0.272014,0.276815,0.280859,0.284122,0.286586,0.288236,0.289064,0.289064,0.288236,0.286586,0.284122,0.280859,0.276815,0.272014,0.266484,0.260254,0.253363,0.245848,0.237753,0.229125,0.220012,0.210467,0.200545,0.190302,0.179798,0.169091,0.158245,0.14732,0.136379,0.125486,0.114702,0.104089,0.0937075,0.0836178,0.0738774,0.0645419,0.055665,0.0472973,0.0394869,0.0322785,0.0257133,0.0198291,0.0146594,0.0102339,0.00657797,0.00371251,0.00165395,0.000414081,0,
0,0.000464046,0.00185353,0.00416048,0.0073717,0.0114688,0.0164283,0.0222217,0.028816,0.0361733,0.0442515,0.0530044,0.0623817,0.0723298,0.0827917,0.0937075,0.105015,0.116648,0.128542,0.140627,0.152835,0.165096,0.177339,0.189495,0.201493,0.213265,0.224743,0.235863,0.246559,0.256772,0.266441,0.275513,0.283934,0.291658,0.298638,0.304837,0.310217,0.314749,0.318405,0.321166,0.323016,0.323943,0.323943,0.323016,0.321166,0.318405,0.314749,0.310217,0.304837,0.298638,0.291658,0.283934,0.275513,0.266441,0.256772,0.246559,0.235863,0.224743,0.213265,0.201493,0.189495,0.177339,0.165096,0.152835,0.140627,0.128542,0.116648,0.105015,0.0937075,0.0827917,0.0723298,0.0623817,0.0530044,0.0442515,0.0361733,0.028816,0.0222217,0.0164283,0.0114688,0.0073717,0.00416048,0.00185353,0.000464046,0,
0,0.000515454,0.00205886,0.00462138,0.00818834,0.0127393,0.0182482,0.0246835,0.0320083,0.0401807,0.0491538,0.0588763,0.0692924,0.0803426,0.0919635,0.104089,0.116648,0.129571,0.142782,0.156206,0.169767,0.183386,0.196985,0.210487,0.223814,0.236891,0.249641,0.261992,0.273874,0.285217,0.295958,0.306035,0.315389,0.323968,0.331722,0.338607,0.344583,0.349617,0.353679,0.356746,0.3588,0.35983,0.35983,0.3588,0.356746,0.353679,0.349617,0.344583,0.338607,0.331722,0.323968,0.315389,0.306035,0.295958,0.285217,0.273874,0.261992,0.249641,0.236891,0.223814,0.210487,0.196985,0.183386,0.169767,0.156206,0.142782,0.129571,0.116648,0.104089,0.0919635,0.0803426,0.0692924,0.0588763,0.0491538,0.0401807,0.0320083,0.0246835,0.0182482,0.0127393,0.00818834,0.00462138,0.00205886,0.000515454,0,
0,0.00056801,0.00226879,0.00509259,0.00902324,0.0140382,0.0201088,0.0272003,0.0352719,0.0442776,0.0541656,0.0648794,0.0763576,0.0885345,0.10134,0.114702,0.128542,0.142782,0.15734,0.172133,0.187076,0.202084,0.21707,0.231949,0.246635,0.261044,0.275095,0.288705,0.301798,0.314298,0.326134,0.337238,0.347547,0.357,0.365545,0.373132,0.379718,0.385264,0.38974,0.39312,0.395384,0.396519,0.396519,0.395384,0.39312,0.38974,0.385264,0.379718,0.373132,0.365545,0.357,0.347547,0.337238,0.326134,0.314298,0.301798,0.288705,0.275095,0.261044,0.246635,0.231949,0.21707,0.202084,0.187076,0.172133,0.15734,0.142782,0.128542,0.114702,0.10134,0.0885345,0.0763576,0.0648794,0.0541656,0.0442776,0.0352719,0.0272003,0.0201088,0.0140382,0.00902324,0.00509259,0.00226879,0.00056801,0,
0,0.000621414,0.0024821,0.00557139,0.0098716,0.0153581,0.0219994,0.0297576,0.0385882,0.0484405,0.0592582,0.0709793,0.0835367,0.0968584,0.110868,0.125486,0.140627,0.156206,0.172133,0.188317,0.204665,0.221084,0.237479,0.253756,0.269823,0.285588,0.300959,0.315849,0.330173,0.343848,0.356797,0.368945,0.380223,0.390565,0.399913,0.408214,0.415419,0.421487,0.426384,0.430081,0.432558,0.4338,0.4338,0.432558,0.430081,0.426384,0.421487,0.415419,0.408214,0.399913,0.390565,0.380223,0.368945,0.356797,0.343848,0.330173,0.315849,0.300959,0.285588,0.269823,0.253756,0.237479,0.221084,0.204665,0.188317,0.172133,0.156206,0.140627,0.125486,0.110868,0.0968584,0.0835367,0.0709793,0.0592582,0.0484405,0.0385882,0.0297576,0.0219994,0.0153581,0.0098716,0.00557139,0.0024821,0.000621414,0,
0,0.00067536,0.00269757,0.00605505,0.0107286,0.0166913,0.0239092,0.0323409,0.041938,0.0526457,0.0644025,0.0771411,0.0907886,0.105267,0.120493,0.136379,0.152835,0.169767,0.187076,0.204665,0.222432,0.240276,0.258095,0.275785,0.293247,0.31038,0.327085,0.343268,0.358836,0.373698,0.387771,0.400974,0.41323,0.424471,0.43463,0.443651,0.451482,0.458077,0.463399,0.467417,0.470109,0.471458,0.471458,0.470109,0.467417,0.463399,0.458077,0.451482,0.443651,0.43463,0.424471,0.41323,0.400974,0.387771,0.373698,0.358836,0.343268,0.327085,0.31038,0.293247,0.275785,0.258095,0.240276,0.222432,0.204665,0.187076,0.169767,0.152835,0.136379,0.120493,0.105267,0.0907886,0.0771411,0.0644025,0.0526457,0.041938,0.0323409,0.0239092,0.0166913,0.0107286,0.00605505,0.00269757,0.00067536,0,
0,0.000729538,0.00291397,0.00654079,0.0115892,0.0180304,0.0258273,0.0349353,0.0453024,0.056869,0.069569,0.0833295,0.0980718,0.113711,0.130159,0.14732,0.165096,0.183386,0.202084,0.221084,0.240276,0.259552,0.278799,0.297909,0.316772,0.335279,0.353325,0.370806,0.387622,0.403677,0.418879,0.433141,0.44638,0.458522,0.469497,0.479242,0.4877,0.494824,0.500573,0.504914,0.507822,0.50928,0.50928,0.507822,0.504914,0.500573,0.494824,0.4877,0.479242,0.469497,0.458522,0.44638,0.433141,0.418879,0.403677,0.387622,0.370806,0.353325,0.335279,0.316772,0.297909,0.278799,0.259552,0.240276,0.221084,0.202084,0.183386,0.165096,0.14732,0.130159,0.113711,0.0980718,0.0833295,0.069569,0.056869,0.0453024,0.0349353,0.0258273,0.0180304,0.0115892,0.00654079,0.00291397,0.000729538,0,
0,0.000783639,0.00313007,0.00702584,0.0124487,0.0193674,0.0277426,0.0375261,0.0486619,0.0610863,0.074728,0.089509,0.105345,0.122144,0.139811,0.158245,0.177339,0.196985,0.21707,0.237479,0.258095,0.278799,0.299474,0.320001,0.340263,0.360142,0.379526,0.398304,0.416367,0.433613,0.449942,0.465261,0.479483,0.492525,0.504314,0.514781,0.523867,0.531519,0.537694,0.542357,0.54548,0.547047,0.547047,0.54548,0.542357,0.537694,0.531519,0.523867,0.514781,0.504314,0.492525,0.479483,0.465261,0.449942,0.433613,0.416367,0.398304,0.379526,0.360142,0.340263,0.320001,0.299474,0.278799,0.258095,0.237479,0.21707,0.196985,0.177339,0.158245,0.139811,0.122144,0.105345,0.089509,0.074728,0.0610863,0.0486619,0.0375261,0.0277426,0.0193674,0.0124487,0.00702584,0.00313007,0.000783639,0,
0,0.000837352,0.00334461,0.00750742,0.0133019,0.020695,0.0296441,0.0400982,0.0519974,0.0652733,0.0798502,0.0956443,0.112565,0.130516,0.149394,0.169091,0.189495,0.210487,0.231949,0.253756,0.275785,0.297909,0.320001,0.341935,0.363586,0.384828,0.405541,0.425605,0.444906,0.463334,0.480783,0.497152,0.512348,0.526285,0.538881,0.550066,0.559774,0.567951,0.57455,0.579532,0.58287,0.584543,0.584543,0.58287,0.579532,0.57455,0.567951,0.559774,0.550066,0.538881,0.526285,0.512348,0.497152,0.480783,0.463334,0.444906,0.425605,0.405541,0.384828,0.363586,0.341935,0.320001,0.297909,0.275785,0.253756,0.231949,0.210487,0.189495,0.169091,0.149394,0.130516,0.112565,0.0956443,0.0798502,0.0652733,0.0519974,0.0400982,0.0296441,0.020695,0.0133019,0.00750742,0.00334461,0.000837352,0,
0,0.00089037,0.00355638,0.00798276,0.0141442,0.0220053,0.0315211,0.0426371,0.0552896,0.0694062,0.084906,0.1017,0.119693,0.13878,0.158853,0.179798,0.201493,0.223814,0.246635,0.269823,0.293247,0.316772,0.340263,0.363586,0.386607,0.409194,0.431218,0.452553,0.473076,0.492671,0.511224,0.52863,0.544788,0.559607,0.573001,0.584894,0.595217,0.603912,0.610928,0.616226,0.619775,0.621554,0.621554,0.619775,0.616226,0.610928,0.603912,0.595217,0.584894,0.573001,0.559607,0.544788,0.52863,0.511224,0.492671,0.473076,0.452553,0.431218,0.409194,0.386607,0.363586,0.340263,0.316772,0.293247,0.269823,0.246635,0.223814,0.201493,0.179798,0.158853,0.13878,0.119693,0.1017,0.084906,0.0694062,0.0552896,0.0426371,0.0315211,0.0220053,0.0141442,0.00798276,0.00355638,0.00089037,0,
0,0.00094239,0.00376416,0.00844915,0.0149705,0.0232909,0.0333627,0.0451282,0.0585199,0.0734612,0.0898666,0.107642,0.126685,0.146888,0.168134,0.190302,0.213265,0.236891,0.261044,0.285588,0.31038,0.335279,0.360142,0.384828,0.409194,0.433101,0.456412,0.478993,0.500716,0.521455,0.541092,0.559515,0.576617,0.592302,0.606479,0.619066,0.629993,0.639195,0.646621,0.652229,0.655985,0.657868,0.657868,0.655985,0.652229,0.646621,0.639195,0.629993,0.619066,0.606479,0.592302,0.576617,0.559515,0.541092,0.521455,0.500716,0.478993,0.456412,0.433101,0.409194,0.384828,0.360142,0.335279,0.31038,0.285588,0.261044,0.236891,0.213265,0.190302,0.168134,0.146888,0.126685,0.107642,0.0898666,0.0734612,0.0585199,0.0451282,0.0333627,0.0232909,0.0149705,0.00844915,0.00376416,0.00094239,0,
0,0.000993112,0.00396676,0.00890391,0.0157763,0.0245445,0.0351584,0.0475571,0.0616696,0.0774152,0.0947035,0.113436,0.133504,0.154794,0.177184,0.200545,0.224743,0.249641,0.275095,0.300959,0.327085,0.353325,0.379526,0.405541,0.431218,0.456412,0.480977,0.504774,0.527666,0.549521,0.570215,0.58963,0.607653,0.624181,0.639121,0.652386,0.663901,0.673599,0.681425,0.687334,0.691292,0.693277,0.693277,0.691292,0.687334,0.681425,0.673599,0.663901,0.652386,0.639121,0.624181,0.607653,0.58963,0.570215,0.549521,0.527666,0.504774,0.480977,0.456412,0.431218,0.405541,0.379526,0.353325,0.327085,0.300959,0.275095,0.249641,0.224743,0.200545,0.177184,0.154794,0.133504,0.113436,0.0947035,0.0774152,0.0616696,0.0475571,0.0351584,0.0245445,0.0157763,0.00890391,0.00396676,0.000993112,0,
0,0.00104225,0.00416302,0.00934444,0.0165568,0.0257589,0.0368979,0.04991,0.0647208,0.0812453,0.099389,0.119048,0.140109,0.162453,0.18595,0.210467,0.235863,0.261992,0.288705,0.315849,0.343268,0.370806,0.398304,0.425605,0.452553,0.478993,0.504774,0.529748,0.553772,0.576709,0.598427,0.618802,0.637717,0.655063,0.670742,0.684664,0.696748,0.706926,0.715139,0.72134,0.725494,0.727577,0.727577,0.725494,0.72134,0.715139,0.706926,0.696748,0.684664,0.670742,0.655063,0.637717,0.618802,0.598427,0.576709,0.553772,0.529748,0.504774,0.478993,0.452553,0.425605,0.398304,0.370806,0.343268,0.315849,0.288705,0.261992,0.235863,0.210467,0.18595,0.162453,0.140109,0.119048,0.099389,0.0812453,0.0647208,0.04991,0.0368979,0.0257589,0.0165568,0.00934444,0.00416302,0.00104225,0,
0,0.00108951,0.00435181,0.00976822,0.0173077,0.0269271,0.0385712,0.0521735,0.0676559,0.0849299,0.103896,0.124447,0.146463,0.16982,0.194383,0.220012,0.246559,0.273874,0.301798,0.330173,0.358836,0.387622,0.416367,0.444906,0.473076,0.500716,0.527666,0.553772,0.578886,0.602863,0.625566,0.646865,0.666638,0.684771,0.701161,0.715714,0.728346,0.738985,0.747571,0.754053,0.758396,0.760573,0.760573,0.758396,0.754053,0.747571,0.738985,0.728346,0.715714,0.701161,0.684771,0.666638,0.646865,0.625566,0.602863,0.578886,0.553772,0.527666,0.500716,0.473076,0.444906,0.416367,0.387622,0.358836,0.330173,0.301798,0.273874,0.246559,0.220012,0.194383,0.16982,0.146463,0.124447,0.103896,0.0849299,0.0676559,0.0521735,0.0385712,0.0269271,0.0173077,0.00976822,0.00435181,0.00108951,0,
0,0.00113464,0.00453206,0.0101728,0.0180246,0.0280424,0.0401688,0.0543345,0.0704582,0.0884476,0.1082,0.129601,0.15253,0.176854,0.202434,0.229125,0.256772,0.285217,0.314298,0.343848,0.373698,0.403677,0.433613,0.463334,0.492671,0.521455,0.549521,0.576709,0.602863,0.627833,0.651477,0.673658,0.694249,0.713134,0.730202,0.745358,0.758513,0.769593,0.778535,0.785286,0.789808,0.792076,0.792076,0.789808,0.785286,0.778535,0.769593,0.758513,0.745358,0.730202,0.713134,0.694249,0.673658,0.651477,0.627833,0.602863,0.576709,0.549521,0.521455,0.492671,0.463334,0.433613,0.403677,0.373698,0.343848,0.314298,0.285217,0.256772,0.229125,0.202434,0.176854,0.15253,0.129601,0.1082,0.0884476,0.0704582,0.0543345,0.0401688,0.0280424,0.0180246,0.0101728,0.00453206,0.00113464,0,
0,0.00117737,0.00470273,0.0105559,0.0187033,0.0290984,0.0416815,0.0563806,0.0731115,0.0917784,0.112274,0.134482,0.158274,0.183514,0.210058,0.237753,0.266441,0.295958,0.326134,0.356797,0.387771,0.418879,0.449942,0.480783,0.511224,0.541092,0.570215,0.598427,0.625566,0.651477,0.67601,0.699027,0.720394,0.739989,0.757701,0.773427,0.787078,0.798575,0.807853,0.814858,0.819551,0.821904,0.821904,0.819551,0.814858,0.807853,0.798575,0.787078,0.773427,0.757701,0.739989,0.720394,0.699027,0.67601,0.651477,0.625566,0.598427,0.570215,0.541092,0.511224,0.480783,0.449942,0.418879,0.387771,0.356797,0.326134,0.295958,0.266441,0.237753,0.210058,0.183514,0.158274,0.134482,0.112274,0.0917784,0.0731115,0.0563806,0.0416815,0.0290984,0.0187033,0.0105559,0.00470273,0.00117737,0,
0,0.00121746,0.00486285,0.0109153,0.0193401,0.0300891,0.0431007,0.0583002,0.0756008,0.0949032,0.116097,0.139061,0.163663,0.189762,0.21721,0.245848,0.275513,0.306035,0.337238,0.368945,0.400974,0.433141,0.465261,0.497152,0.52863,0.559515,0.58963,0.618802,0.646865,0.673658,0.699027,0.722827,0.744921,0.765184,0.783498,0.79976,0.813876,0.825764,0.835358,0.842602,0.847454,0.849888,0.849888,0.847454,0.842602,0.835358,0.825764,0.813876,0.79976,0.783498,0.765184,0.744921,0.722827,0.699027,0.673658,0.646865,0.618802,0.58963,0.559515,0.52863,0.497152,0.465261,0.433141,0.400974,0.368945,0.337238,0.306035,0.275513,0.245848,0.21721,0.189762,0.163663,0.139061,0.116097,0.0949032,0.0756008,0.0583002,0.0431007,0.0300891,0.0193401,0.0109153,0.00486285,0.00121746,0,
0,0.00125467,0.00501149,0.0112489,0.0199313,0.0310088,0.0444181,0.0600823,0.0779117,0.0978041,0.119646,0.143311,0.168665,0.195563,0.223849,0.253363,0.283934,0.315389,0.347547,0.380223,0.41323,0.44638,0.479483,0.512348,0.544788,0.576617,0.607653,0.637717,0.666638,0.694249,0.720394,0.744921,0.767691,0.788573,0.807447,0.824206,0.838753,0.851005,0.860892,0.868358,0.873358,0.875866,0.875866,0.873358,0.868358,0.860892,0.851005,0.838753,0.824206,0.807447,0.788573,0.767691,0.744921,0.720394,0.694249,0.666638,0.637717,0.607653,0.576617,0.544788,0.512348,0.479483,0.44638,0.41323,0.380223,0.347547,0.315389,0.283934,0.253363,0.223849,0.195563,0.168665,0.143311,0.119646,0.0978041,0.0779117,0.0600823,0.0444181,0.0310088,0.0199313,0.0112489,0.00501149,0.00125467,0,
0,0.0012888,0.00514781,0.0115549,0.0204735,0.0318523,0.0456263,0.0617166,0.0800309,0.100464,0.1229,0.147209,0.173253,0.200882,0.229938,0.260254,0.291658,0.323968,0.357,0.390565,0.424471,0.458522,0.492525,0.526285,0.559607,0.592302,0.624181,0.655063,0.684771,0.713134,0.739989,0.765184,0.788573,0.810023,0.829411,0.846625,0.861568,0.874154,0.88431,0.891978,0.897115,0.89969,0.89969,0.897115,0.891978,0.88431,0.874154,0.861568,0.846625,0.829411,0.810023,0.788573,0.765184,0.739989,0.713134,0.684771,0.655063,0.624181,0.592302,0.559607,0.526285,0.492525,0.458522,0.424471,0.390565,0.357,0.323968,0.291658,0.260254,0.229938,0.200882,0.173253,0.147209,0.1229,0.100464,0.0800309,0.0617166,0.0456263,0.0318523,0.0204735,0.0115549,0.00514781,0.0012888,0,
0,0.00131965,0.00527102,0.0118315,0.0209635,0.0326147,0.0467184,0.0631938,0.0819465,0.102869,0.125842,0.150733,0.1774,0.20569,0.235441,0.266484,0.298638,0.331722,0.365545,0.399913,0.43463,0.469497,0.504314,0.538881,0.573001,0.606479,0.639121,0.670742,0.701161,0.730202,0.757701,0.783498,0.807447,0.829411,0.849263,0.866889,0.88219,0.895076,0.905475,0.913327,0.918587,0.921224,0.921224,0.918587,0.913327,0.905475,0.895076,0.88219,0.866889,0.849263,0.829411,0.807447,0.783498,0.757701,0.730202,0.701161,0.670742,0.639121,0.606479,0.573001,0.538881,0.504314,0.469497,0.43463,0.399913,0.365545,0.331722,0.298638,0.266484,0.235441,0.20569,0.1774,0.150733,0.125842,0.102869,0.0819465,0.0631938,0.0467184,0.0326147,0.0209635,0.0118315,0.00527102,0.00131965,0,
0,0.00134703,0.00538042,0.0120771,0.0213986,0.0332916,0.047688,0.0645054,0.0836473,0.105004,0.128454,0.153861,0.181082,0.209959,0.240328,0.272014,0.304837,0.338607,0.373132,0.408214,0.443651,0.479242,0.514781,0.550066,0.584894,0.619066,0.652386,0.684664,0.715714,0.745358,0.773427,0.79976,0.824206,0.846625,0.866889,0.884882,0.9005,0.913654,0.924269,0.932284,0.937653,0.940345,0.940345,0.937653,0.932284,0.924269,0.913654,0.9005,0.884882,0.866889,0.846625,0.824206,0.79976,0.773427,0.745358,0.715714,0.684664,0.652386,0.619066,0.584894,0.550066,0.514781,0.479242,0.443651,0.408214,0.373132,0.338607,0.304837,0.272014,0.240328,0.209959,0.181082,0.153861,0.128454,0.105004,0.0836473,0.0645054,0.047688,0.0332916,0.0213986,0.0120771,0.00538042,0.00134703,0,
0,0.00137081,0.00547539,0.0122902,0.0217763,0.0338792,0.0485297,0.0656439,0.0851236,0.106857,0.130721,0.156577,0.184278,0.213665,0.24457,0.276815,0.310217,0.344583,0.379718,0.415419,0.451482,0.4877,0.523867,0.559774,0.595217,0.629993,0.663901,0.696748,0.728346,0.758513,0.787078,0.813876,0.838753,0.861568,0.88219,0.9005,0.916394,0.92978,0.940582,0.948738,0.954202,0.956942,0.956942,0.954202,0.948738,0.940582,0.92978,0.916394,0.9005,0.88219,0.861568,0.838753,0.813876,0.787078,0.758513,0.728346,0.696748,0.663901,0.629993,0.595217,0.559774,0.523867,0.4877,0.451482,0.415419,0.379718,0.344583,0.310217,0.276815,0.24457,0.213665,0.184278,0.156577,0.130721,0.106857,0.0851236,0.0656439,0.0485297,0.0338792,0.0217763,0.0122902,0.00547539,0.00137081,0,
0,0.00139083,0.00555537,0.0124698,0.0220944,0.0343741,0.0492386,0.0666028,0.0863671,0.108418,0.13263,0.158864,0.18697,0.216786,0.248142,0.280859,0.314749,0.349617,0.385264,0.421487,0.458077,0.494824,0.531519,0.567951,0.603912,0.639195,0.673599,0.706926,0.738985,0.769593,0.798575,0.825764,0.851005,0.874154,0.895076,0.913654,0.92978,0.943362,0.954322,0.962597,0.968141,0.97092,0.97092,0.968141,0.962597,0.954322,0.943362,0.92978,0.913654,0.895076,0.874154,0.851005,0.825764,0.798575,0.769593,0.738985,0.706926,0.673599,0.639195,0.603912,0.567951,0.531519,0.494824,0.458077,0.421487,0.385264,0.349617,0.314749,0.280859,0.248142,0.216786,0.18697,0.158864,0.13263,0.108418,0.0863671,0.0666028,0.0492386,0.0343741,0.0220944,0.0124698,0.00555537,0.00139083,0,
0,0.00140699,0.00561991,0.0126146,0.0223511,0.0347735,0.0498107,0.0673766,0.0873705,0.109678,0.134171,0.16071,0.189142,0.219305,0.251025,0.284122,0.318405,0.353679,0.38974,0.426384,0.463399,0.500573,0.537694,0.57455,0.610928,0.646621,0.681425,0.715139,0.747571,0.778535,0.807853,0.835358,0.860892,0.88431,0.905475,0.924269,0.940582,0.954322,0.965409,0.973781,0.979388,0.9822,0.9822,0.979388,0.973781,0.965409,0.954322,0.940582,0.924269,0.905475,0.88431,0.860892,0.835358,0.807853,0.778535,0.747571,0.715139,0.681425,0.646621,0.610928,0.57455,0.537694,0.500573,0.463399,0.426384,0.38974,0.353679,0.318405,0.284122,0.251025,0.219305,0.189142,0.16071,0.134171,0.109678,0.0873705,0.0673766,0.0498107,0.0347735,0.0223511,0.0126146,0.00561991,0.00140699,0,
0,0.00141919,0.00566864,0.012724,0.0225449,0.035075,0.0502426,0.0679608,0.0881281,0.110629,0.135335,0.162104,0.190782,0.221207,0.253202,0.286586,0.321166,0.356746,0.39312,0.430081,0.467417,0.504914,0.542357,0.579532,0.616226,0.652229,0.687334,0.72134,0.754053,0.785286,0.814858,0.842602,0.868358,0.891978,0.913327,0.932284,0.948738,0.962597,0.973781,0.982225,0.987881,0.990718,0.990718,0.987881,0.982225,0.973781,0.962597,0.948738,0.932284,0.913327,0.891978,0.868358,0.842602,0.814858,0.785286,0.754053,0.72134,0.687334,0.652229,0.616226,0.579532,0.542357,0.504914,0.467417,0.430081,0.39312,0.356746,0.321166,0.286586,0.253202,0.221207,0.190782,0.162104,0.135335,0.110629,0.0881281,0.0679608,0.0502426,0.035075,0.0225449,0.012724,0.00566864,0.00141919,0,
0,0.00142737,0.00570129,0.0127973,0.0226747,0.035277,0.050532,0.0683522,0.0886357,0.111266,0.136114,0.163037,0.191881,0.22248,0.25466,0.288236,0.323016,0.3588,0.395384,0.432558,0.470109,0.507822,0.54548,0.58287,0.619775,0.655985,0.691292,0.725494,0.758396,0.789808,0.819551,0.847454,0.873358,0.897115,0.918587,0.937653,0.954202,0.968141,0.979388,0.987881,0.99357,0.996423,0.996423,0.99357,0.987881,0.979388,0.968141,0.954202,0.937653,0.918587,0.897115,0.873358,0.847454,0.819551,0.789808,0.758396,0.725494,0.691292,0.655985,0.619775,0.58287,0.54548,0.507822,0.470109,0.432558,0.395384,0.3588,0.323016,0.288236,0.25466,0.22248,0.191881,0.163037,0.136114,0.111266,0.0886357,0.0683522,0.050532,0.035277,0.0226747,0.0127973,0.00570129,0.00142737,0,
0,0.00143146,0.00571766,0.012834,0.0227398,0.0353783,0.050677,0.0685485,0.0888901,0.111586,0.136505,0.163505,0.192432,0.223119,0.255392,0.289064,0.323943,0.35983,0.396519,0.4338,0.471458,0.50928,0.547047,0.584543,0.621554,0.657868,0.693277,0.727577,0.760573,0.792076,0.821904,0.849888,0.875866,0.89969,0.921224,0.940345,0.956942,0.97092,0.9822,0.990718,0.996423,0.999284,0.999284,0.996423,0.990718,0.9822,0.97092,0.956942,0.940345,0.921224,0.89969,0.875866,0.849888,0.821904,0.792076,0.760573,0.727577,0.693277,0.657868,0.621554,0.584543,0.547047,0.50928,0.471458,0.4338,0.396519,0.35983,0.323943,0.289064,0.255392,0.223119,0.192432,0.163505,0.136505,0.111586,0.0888901,0.0685485,0.050677,0.0353783,0.0227398,0.012834,0.00571766,0.00143146,0,
0,0.00143146,0.00571766,0.012834,0.0227398,0.0353783,0.050677,0.0685485,0.0888901,0.111586,0.136505,0.163505,0.192432,0.223119,0.255392,0.289064,0.323943,0.35983,0.396519,0.4338,0.471458,0.50928,0.547047,0.584543,0.621554,0.657868,0.693277,0.727577,0.760573,0.792076,0.821904,0.849888,0.875866,0.89969,0.921224,0.940345,0.956942,0.97092,0.9822,0.990718,0.996423,0.999284,0.999284,0.996423,0.990718,0.9822,0.97092,0.956942,0.940345,0.921224,0.89969,0.875866,0.849888,0.821904,0.792076,0.760573,0.727577,0.693277,0.657868,0.621554,0.584543,0.547047,0.50928,0.471458,0.4338,0.396519,0.35983,0.323943,0.289064,0.255392,0.223119,0.192432,0.163505,0.136505,0.111586,0.0888901,0.0685485,0.050677,0.0353783,0.0227398,0.012834,0.00571766,0.00143146,0,
0,0.00142737,0.00570129,0.0127973,0.0226747,0.035277,0.050532,0.0683522,0.0886357,0.111266,0.136114,0.163037,0.191881,0.22248,0.25466,0.288236,0.323016,0.3588,0.395384,0.432558,0.470109,0.507822,0.54548,0.58287,0.619775,0.655985,0.691292,0.725494,0.758396,0.789808,0.819551,0.847454,0.873358,0.897115,0.918587,0.937653,0.954202,0.968141,0.979388,0.987881,0.99357,0.996423,0.996423,0.99357,0.987881,0.979388,0.968141,0.954202,0.937653,0.918587,0.897115,0.873358,0.847454,0.819551,0.789808,0.758396,0.725494,0.691292,0.655985,0.619775,0.58287,0.54548,0.507822,0.470109,0.432558,0.395384,0.3588,0.323016,0.288236,0.25466,0.22248,0.191881,0.163037,0.136114,0.111266,0.0886357,0.0683522,0.050532,0.035277,0.0226747,0.0127973,0.00570129,0.00142737,0,
0,0.00141919,0.00566864,0.012724,0.0225449,0.035075,0.0502426,0.0679608,0.0881281,0.110629,0.135335,0.162104,0.190782,0.221207,0.253202,0.286586,0.321166,0.356746,0.39312,0.430081,0.467417,0.504914,0.542357,0.579532,0.616226,0.652229,0.687334,0.72134,0.754053,0.785286,0.814858,0.842602,0.868358,0.891978,0.913327,0.932284,0.948738,0.962597,0.973781,0.982225,0.987881,0.990718,0.990718,0.987881,0.982225,0.973781,0.962597,0.948738,0.932284,0.913327,0.891978,0.868358,0.842602,0.814858,0.785286,0.754053,0.72134,0.687334,0.652229,0.616226,0.579532,0.542357,0.504914,0.467417,0.430081,0.39312,0.356746,0.321166,0.286586,0.253202,0.221207,0.190782,0.162104,0.135335,0.110629,0.0881281,0.0679608,0.0502426,0.035075,0.0225449,0.012724,0.00566864,0.00141919,0,
0,0.00140699,0.00561991,0.0126146,0.0223511,0.0347735,0.0498107,0.0673766,0.0873705,0.109678,0.134171,0.16071,0.189142,0.219305,0.251025,0.284122,0.318405,0.353679,0.38974,0.426384,0.463399,0.500573,0.537694,0.57455,0.610928,0.646621,0.681425,0.715139,0.747571,0.778535,0.807853,0.835358,0.860892,0.88431,0.905475,0.924269,0.940582,0.954322,0.965409,0.973781,0.979388,0.9822,0.9822,0.979388,0.973781,0.965409,0.954322,0.940582,0.924269,0.905475,0.88431,0.860892,0.835358,0.807853,0.778535,0.747571,0.715139,0.681425,0.646621,0.610928,0.57455,0.537694,0.500573,0.463399,0.426384,0.38974,0.353679,0.318405,0.284122,0.251025,0.219305,0.189142,0.16071,0.134171,0.109678,0.0873705,0.0673766,0.0498107,0.0347735,0.0223511,0.0126146,0.00561991,0.00140699,0,
0,0.00139083,0.00555537,0.0124698,0.0220944,0.0343741,0.0492386,0.0666028,0.0863671,0.108418,0.13263,0.158864,0.18697,0.216786,0.248142,0.280859,0.314749,0.349617,0.385264,0.421487,0.458077,0.494824,0.531519,0.567951,0.603912,0.639195,0.673599,0.706926,0.738985,0.769593,0.798575,0.825764,0.851005,0.874154,0.895076,0.913654,0.92978,0.943362,0.954322,0.962597,0.968141,0.97092,0.97092,0.968141,0.962597,0.954322,0.943362,0.92978,0.913654,0.895076,0.874154,0.851005,0.825764,0.798575,0.769593,0.738985,0.706926,0.673599,0.639195,0.603912,0.567951,0.531519,0.494824,0.458077,0.421487,0.385264,0.349617,0.314749,0.280859,0.248142,0.216786,0.18697,0.158864,0.13263,0.108418,0.0863671,0.0666028,0.0492386,0.0343741,0.0220944,0.0124698,0.00555537,0.00139083,0,
0,0.00137081,0.00547539,0.0122902,0.0217763,0.0338792,0.0485297,0.0656439,0.0851236,0.106857,0.130721,0.156577,0.184278,0.213665,0.24457,0.276815,0.310217,0.344583,0.379718,0.415419,0.451482,0.4877,0.523867,0.559774,0.595217,0.629993,0.663901,0.696748,0.728346,0.758513,0.787078,0.813876,0.838753,0.861568,0.88219,0.9005,0.916394,0.92978,0.940582,0.948738,0.954202,0.956942,0.956942,0.954202,0.948738,0.940582,0.92978,0.916394,0.9005,0.88219,0.861568,0.838753,0.813876,0.787078,0.758513,0.728346,0.696748,0.663901,0.629993,0.595217,0.559774,0.523867,0.4877,0.451482,0.415419,0.379718,0.344583,0.310217,0.276815,0.24457,0.213665,0.184278,0.156577,0.130721,0.106857,0.0851236,0.0656439,0.0485297,0.0338792,0.0217763,0.0122902,0.00547539,0.00137081,0,
0,0.00134703,0.00538042,0.0120771,0.0213986,0.0332916,0.047688,0.0645054,0.0836473,0.105004,0.128454,0.153861,0.181082,0.209959,0.240328,0.272014,0.304837,0.338607,0.373132,0.408214,0.443651,0.479242,0.514781,0.550066,0.584894,0.619066,0.652386,0.684664,0.715714,0.745358,0.773427,0.79976,0.824206,0.846625,0.866889,0.884882,0.9005,0.913654,0.924269,0.932284,0.937653,0.940345,0.940345,0.937653,0.932284,0.924269,0.913654,0.9005,0.884882,0.866889,0.846625,0.824206,0.79976,0.773427,0.745358,0.715714,0.684664,0.652386,0.619066,0.584894,0.550066,0.514781,0.479242,0.443651,0.408214,0.373132,0.338607,0.304837,0.272014,0.240328,0.209959,0.181082,0.153861,0.128454,0.105004,0.0836473,0.0645054,0.047688,0.0332916,0.0213986,0.0120771,0.00538042,0.00134703,0,
0,0.00131965,0.00527102,0.0118315,0.0209635,0.0326147,0.0467184,0.0631938,0.0819465,0.102869,0.125842,0.150733,0.1774,0.20569,0.235441,0.266484,0.298638,0.331722,0.365545,0.399913,0.43463,0.469497,0.504314,0.538881,0.573001,0.606479,0.639121,0.670742,0.701161,0.730202,0.757701,0.783498,0.807447,0.829411,0.849263,0.866889,0.88219,0.895076,0.905475,0.913327,0.918587,0.921224,0.921224,0.918587,0.913327,0.905475,0.895076,0.88219,0.866889,0.849263,0.829411,0.807447,0.783498,0.757701,0.730202,0.701161,0.670742,0.639121,0.606479,0.573001,0.538881,0.504314,0.469497,0.43463,0.399913,0.365545,0.331722,0.298638,0.266484,0.235441,0.20569,0.1774,0.150733,0.125842,0.102869,0.0819465,0.0631938,0.0467184,0.0326147,0.0209635,0.0118315,0.00527102,0.00131965,0,
0,0.0012888,0.00514781,0.0115549,0.0204735,0.0318523,0.0456263,0.0617166,0.0800309,0.100464,0.1229,0.147209,0.173253,0.200882,0.229938,0.260254,0.291658,0.323968,0.357,0.390565,0.424471,0.458522,0.492525,0.526285,0.559607,0.592302,0.624181,0.655063,0.684771,0.713134,0.739989,0.765184,0.788573,0.810023,0.829411,0.846625,0.861568,0.874154,0.88431,0.891978,0.897115,0.89969,0.89969,0.897115,0.891978,0.88431,0.874154,0.861568,0.846625,0.829411,0.810023,0.788573,0.765184,0.739989,0.713134,0.684771,0.655063,0.624181,0.592302,0.559607,0.526285,0.492525,0.458522,0.424471,0.390565,0.357,0.323968,0.291658,0.260254,0.229938,0.200882,0.173253,0.147209,0.1229,0.100464,0.0800309,0.0617166,0.0456263,0.0318523,0.0204735,0.0115549,0.00514781,0.0012888,0,
