functionName, calculator,N,initTime, calcTime, calcHz, bytes, maxError, blankColumn, err1, err2, err3, Blank
rho is 0.0625
f: 
0,0,0,0,0,0,0,0,
0,0.03544,0.115073,0.178934,0.178934,0.115073,0.03544,0,
0,0.115073,0.373639,0.580994,0.580994,0.373639,0.115073,0,
0,0.178934,0.580994,0.903421,0.903421,0.580994,0.178934,0,
0,0.178934,0.580994,0.903421,0.903421,0.580994,0.178934,0,
0,0.115073,0.373639,0.580994,0.580994,0.373639,0.115073,0,
0,0.03544,0.115073,0.178934,0.178934,0.115073,0.03544,0,
0,0,0,0,0,0,0,0,
exact(trunc):
0.00119207,0.0189592,0.0316326,0.0379692,0.0379692,0.0316326,0.0189592,0.00119207,
0.0189592,0.237989,0.397284,0.476932,0.476932,0.397284,0.237989,0.0189592,
0.0316326,0.397284,0.663202,0.796161,0.796161,0.663202,0.397284,0.0316326,
0.0379692,0.476932,0.796161,0.955776,0.955776,0.796161,0.476932,0.0379692,
0.0379692,0.476932,0.796161,0.955776,0.955776,0.796161,0.476932,0.0379692,
0.0316326,0.397284,0.663202,0.796161,0.796161,0.663202,0.397284,0.0316326,
0.0189592,0.237989,0.397284,0.476932,0.476932,0.397284,0.237989,0.0189592,
0.00119207,0.0189592,0.0316326,0.0379692,0.0379692,0.0316326,0.0189592,0.00119207,
result
0.00119207,0.0189592,0.0316326,0.0379692,0.0379692,0.0316326,0.0189592,0.00119207,
0.0189592,0.237989,0.397284,0.476932,0.476932,0.397284,0.237989,0.0189592,
0.0316326,0.397284,0.663202,0.796161,0.796161,0.663202,0.397284,0.0316326,
0.0379692,0.476932,0.796161,0.955776,0.955776,0.796161,0.476932,0.0379692,
0.0379692,0.476932,0.796161,0.955776,0.955776,0.796161,0.476932,0.0379692,
0.0316326,0.397284,0.663202,0.796161,0.796161,0.663202,0.397284,0.0316326,
0.0189592,0.237989,0.397284,0.476932,0.476932,0.397284,0.237989,0.0189592,
0.00119207,0.0189592,0.0316326,0.0379692,0.0379692,0.0316326,0.0189592,0.00119207,
diff
-1.75641e-17,1.04083e-17,1.38778e-17,2.77556e-17,4.16334e-17,2.77556e-17,1.04083e-17,-6.50521e-18,
3.46945e-17,-2.77556e-17,1.66533e-16,5.55112e-17,5.55112e-17,1.11022e-16,-2.77556e-17,2.77556e-17,
5.55112e-17,2.22045e-16,1.11022e-16,0,0,0,1.11022e-16,-3.46945e-17,
2.08167e-17,5.55112e-17,0,1.11022e-16,1.11022e-16,0,5.55112e-17,-7.63278e-17,
3.46945e-17,5.55112e-17,0,1.11022e-16,1.11022e-16,1.11022e-16,0,-4.85723e-17,
3.46945e-17,5.55112e-17,1.11022e-16,0,1.11022e-16,2.22045e-16,-5.55112e-17,0,
1.04083e-17,-2.77556e-17,1.11022e-16,5.55112e-17,-1.11022e-16,0,-8.32667e-17,6.93889e-18,
2.21177e-17,-1.38778e-17,-4.85723e-17,-3.46945e-17,-6.245e-17,-2.08167e-17,-5.20417e-17,-2.60209e-18,

rho is 0.46875
f: 
0,0,0,0,0,0,0,0,
0,0.03544,0.115073,0.178934,0.178934,0.115073,0.03544,0,
0,0.115073,0.373639,0.580994,0.580994,0.373639,0.115073,0,
0,0.178934,0.580994,0.903421,0.903421,0.580994,0.178934,0,
0,0.178934,0.580994,0.903421,0.903421,0.580994,0.178934,0,
0,0.115073,0.373639,0.580994,0.580994,0.373639,0.115073,0,
0,0.03544,0.115073,0.178934,0.178934,0.115073,0.03544,0,
0,0,0,0,0,0,0,0,
exact(trunc):
0.0495933,0.110546,0.179923,0.219676,0.219676,0.179923,0.110546,0.0495933,
0.110546,0.207455,0.321373,0.395678,0.395678,0.321373,0.207455,0.110546,
0.179923,0.321373,0.493055,0.608396,0.608396,0.493055,0.321373,0.179923,
0.219676,0.395678,0.608396,0.750393,0.750393,0.608396,0.395678,0.219676,
0.219676,0.395678,0.608396,0.750393,0.750393,0.608396,0.395678,0.219676,
0.179923,0.321373,0.493055,0.608396,0.608396,0.493055,0.321373,0.179923,
0.110546,0.207455,0.321373,0.395678,0.395678,0.321373,0.207455,0.110546,
0.0495933,0.110546,0.179923,0.219676,0.219676,0.179923,0.110546,0.0495933,
result
0.0495933,0.110546,0.179923,0.219676,0.219676,0.179923,0.110546,0.0495933,
0.110546,0.207455,0.321373,0.395678,0.395678,0.321373,0.207455,0.110546,
0.179923,0.321373,0.493055,0.608396,0.608396,0.493055,0.321373,0.179923,
0.219676,0.395678,0.608396,0.750393,0.750393,0.608396,0.395678,0.219676,
0.219676,0.395678,0.608396,0.750393,0.750393,0.608396,0.395678,0.219676,
0.179923,0.321373,0.493055,0.608396,0.608396,0.493055,0.321373,0.179923,
0.110546,0.207455,0.321373,0.395678,0.395678,0.321373,0.207455,0.110546,
0.0495933,0.110546,0.179923,0.219676,0.219676,0.179923,0.110546,0.0495933,
diff
2.77556e-17,5.55112e-17,8.32667e-17,5.55112e-17,8.32667e-17,2.77556e-17,4.16334e-17,1.38778e-17,
5.55112e-17,8.32667e-17,1.66533e-16,1.11022e-16,2.22045e-16,1.11022e-16,8.32667e-17,2.77556e-17,
1.11022e-16,1.11022e-16,1.11022e-16,1.11022e-16,0,0,1.66533e-16,5.55112e-17,
8.32667e-17,1.66533e-16,1.11022e-16,0,2.22045e-16,0,5.55112e-17,5.55112e-17,
8.32667e-17,1.66533e-16,1.11022e-16,0,0,0,0,0,
2.77556e-17,5.55112e-17,0,0,0,0,-5.55112e-17,-5.55112e-17,
2.77556e-17,5.55112e-17,-5.55112e-17,0,5.55112e-17,-5.55112e-17,2.77556e-17,-1.38778e-17,
1.38778e-17,2.77556e-17,2.77556e-17,2.77556e-17,-2.77556e-17,-8.32667e-17,-2.77556e-17,0,

rho is 0.875
f: 
0,0,0,0,0,0,0,0,
0,0.03544,0.115073,0.178934,0.178934,0.115073,0.03544,0,
0,0.115073,0.373639,0.580994,0.580994,0.373639,0.115073,0,
0,0.178934,0.580994,0.903421,0.903421,0.580994,0.178934,0,
0,0.178934,0.580994,0.903421,0.903421,0.580994,0.178934,0,
0,0.115073,0.373639,0.580994,0.580994,0.373639,0.115073,0,
0,0.03544,0.115073,0.178934,0.178934,0.115073,0.03544,0,
0,0,0,0,0,0,0,0,
exact(trunc):
0.119862,0.173405,0.219291,0.252746,0.252746,0.219291,0.173405,0.119862,
0.173405,0.228715,0.267882,0.290449,0.290449,0.267882,0.228715,0.173405,
0.219291,0.267882,0.290949,0.29476,0.29476,0.290949,0.267882,0.219291,
0.252746,0.290449,0.29476,0.285878,0.285878,0.29476,0.290449,0.252746,
0.252746,0.290449,0.29476,0.285878,0.285878,0.29476,0.290449,0.252746,
0.219291,0.267882,0.290949,0.29476,0.29476,0.290949,0.267882,0.219291,
0.173405,0.228715,0.267882,0.290449,0.290449,0.267882,0.228715,0.173405,
0.119862,0.173405,0.219291,0.252746,0.252746,0.219291,0.173405,0.119862,
result
0.119862,0.173405,0.219291,0.252746,0.252746,0.219291,0.173405,0.119862,
0.173405,0.228715,0.267882,0.290449,0.290449,0.267882,0.228715,0.173405,
0.219291,0.267882,0.290949,0.29476,0.29476,0.290949,0.267882,0.219291,
0.252746,0.290449,0.29476,0.285878,0.285878,0.29476,0.290449,0.252746,
0.252746,0.290449,0.29476,0.285878,0.285878,0.29476,0.290449,0.252746,
0.219291,0.267882,0.290949,0.29476,0.29476,0.290949,0.267882,0.219291,
0.173405,0.228715,0.267882,0.290449,0.290449,0.267882,0.228715,0.173405,
0.119862,0.173405,0.219291,0.252746,0.252746,0.219291,0.173405,0.119862,
diff
1.38778e-17,-5.55112e-17,5.55112e-17,5.55112e-17,5.55112e-17,2.77556e-17,5.55112e-17,0,
8.32667e-17,5.55112e-17,5.55112e-17,1.11022e-16,5.55112e-17,0,5.55112e-17,2.77556e-17,
8.32667e-17,5.55112e-17,5.55112e-17,5.55112e-17,5.55112e-17,0,1.11022e-16,5.55112e-17,
5.55112e-17,1.11022e-16,0,1.11022e-16,5.55112e-17,1.11022e-16,0,5.55112e-17,
5.55112e-17,1.11022e-16,5.55112e-17,1.11022e-16,5.55112e-17,5.55112e-17,0,5.55112e-17,
8.32667e-17,5.55112e-17,1.11022e-16,1.11022e-16,5.55112e-17,5.55112e-17,0,2.77556e-17,
2.77556e-17,2.77556e-17,5.55112e-17,5.55112e-17,0,1.11022e-16,2.77556e-17,5.55112e-17,
8.32667e-17,0,2.77556e-17,1.66533e-16,-1.11022e-16,2.77556e-17,5.55112e-17,9.71445e-17,

SmoothPoly,CPUChebDense,8,0.036,37449,26703,8, 5.64979e-16,,2.32319e-16,2.95905e-16,5.64979e-16,
       JobID  MaxVMSize     AveCPU     MaxRSS     AveRSS 
------------ ---------- ---------- ---------- ---------- 
534670.batch    147348K  00:00.000      1312K      1312K 
