functionName, calculator,N,initTime, calcTime, calcHz, bytes, maxError, blankColumn, err1, err2, err3, Blank
rho is 0.0625
f: 
0,0,0,0,0,0,0,0,0,0,0,0,0,0,0,0,0,0,0,0,0,0,0,0,0,0,0,0,0,0,0,0,0,0,0,0,0,0,0,0,0,0,0,0,0,0,0,0,0,0,0,0,0,0,0,0,0,0,0,0,0,0,0,0,0,0,0,0,0,0,0,0,0,0,0,0,0,0,0,0,0,0,0,0,0,0,0,0,0,0,0,0,0,0,0,0,0,0,0,0,0,0,0,0,0,0,0,0,0,0,0,0,0,0,0,0,
0,5.56663e-07,2.22499e-06,5e-06,8.87342e-06,1.38337e-05,1.9866e-05,2.69523e-05,3.50715e-05,4.41994e-05,5.43087e-05,6.53693e-05,7.7348e-05,9.02093e-05,0.000103915,0.000118423,0.000133692,0.000149675,0.000166324,0.00018359,0.000201422,0.000219766,0.000238568,0.000257771,0.000277317,0.00029715,0.000317209,0.000337435,0.000357767,0.000378144,0.000398507,0.000418793,0.000438943,0.000458897,0.000478594,0.000497976,0.000516985,0.000535565,0.000553659,0.000571215,0.000588179,0.000604501,0.000620133,0.000635027,0.000649139,0.000662428,0.000674852,0.000686376,0.000696965,0.000706587,0.000715214,0.00072282,0.000729381,0.00073488,0.000739298,0.000742624,0.000744846,0.000745959,0.000745959,0.000744846,0.000742624,0.000739298,0.00073488,0.000729381,0.00072282,0.000715214,0.000706587,0.000696965,0.000686376,0.000674852,0.000662428,0.000649139,0.000635027,0.000620133,0.000604501,0.000588179,0.000571215,0.000553659,0.000535565,0.000516985,0.000497976,0.000478594,0.000458897,0.000438943,0.000418793,0.000398507,0.000378144,0.000357767,0.000337435,0.000317209,0.00029715,0.000277317,0.000257771,0.000238568,0.000219766,0.000201422,0.00018359,0.000166324,0.000149675,0.000133692,0.000118423,0.000103915,9.02093e-05,7.7348e-05,6.53693e-05,5.43087e-05,4.41994e-05,3.50715e-05,2.69523e-05,1.9866e-05,1.38337e-05,8.87342e-06,5e-06,2.22499e-06,5.56663e-07,0,
0,2.22499e-06,8.89332e-06,1.99851e-05,3.54672e-05,5.52934e-05,7.94046e-05,0.000107729,0.000140181,0.000176666,0.000217073,0.000261282,0.000309161,0.000360568,0.000415349,0.00047334,0.000534368,0.000598252,0.0006648,0.000733814,0.000805088,0.000878409,0.000953559,0.00103031,0.00110844,0.00118771,0.00126789,0.00134873,0.00143,0.00151145,0.00159284,0.00167392,0.00175446,0.00183422,0.00191295,0.00199042,0.0020664,0.00214066,0.00221298,0.00228316,0.00235096,0.0024162,0.00247868,0.00253821,0.00259462,0.00264773,0.00269739,0.00274346,0.00278578,0.00282424,0.00285872,0.00288912,0.00291535,0.00293733,0.00295499,0.00296828,0.00297716,0.00298161,0.00298161,0.00297716,0.00296828,0.00295499,0.00293733,0.00291535,0.00288912,0.00285872,0.00282424,0.00278578,0.00274346,0.00269739,0.00264773,0.00259462,0.00253821,0.00247868,0.0024162,0.00235096,0.00228316,0.00221298,0.00214066,0.0020664,0.00199042,0.00191295,0.00183422,0.00175446,0.00167392,0.00159284,0.00151145,0.00143,0.00134873,0.00126789,0.00118771,0.00110844,0.00103031,0.000953559,0.000878409,0.000805088,0.000733814,0.0006648,0.000598252,0.000534368,0.00047334,0.000415349,0.000360568,0.000309161,0.000261282,0.000217073,0.000176666,0.000140181,0.000107729,7.94046e-05,5.52934e-05,3.54672e-05,1.99851e-05,8.89332e-06,2.22499e-06,0,
0,5e-06,1.99851e-05,4.49105e-05,7.97019e-05,0.000124255,0.000178438,0.000242088,0.000315016,0.000397004,0.000487806,0.000587153,0.000694748,0.000810269,0.000933372,0.00106369,0.00120083,0.00134439,0.00149394,0.00164903,0.0018092,0.00197396,0.00214284,0.00231532,0.00249089,0.00266903,0.0028492,0.00303087,0.0032135,0.00339653,0.00357943,0.00376164,0.00394263,0.00412186,0.00429878,0.00447287,0.00464361,0.0048105,0.00497302,0.00513071,0.00528309,0.00542969,0.0055701,0.00570388,0.00583064,0.00594999,0.00606159,0.0061651,0.00626021,0.00634664,0.00642413,0.00649244,0.00655138,0.00660077,0.00664045,0.00667032,0.00669028,0.00670028,0.00670028,0.00669028,0.00667032,0.00664045,0.00660077,0.00655138,0.00649244,0.00642413,0.00634664,0.00626021,0.0061651,0.00606159,0.00594999,0.00583064,0.00570388,0.0055701,0.00542969,0.00528309,0.00513071,0.00497302,0.0048105,0.00464361,0.00447287,0.00429878,0.00412186,0.00394263,0.00376164,0.00357943,0.00339653,0.0032135,0.00303087,0.0028492,0.00266903,0.00249089,0.00231532,0.00214284,0.00197396,0.0018092,0.00164903,0.00149394,0.00134439,0.00120083,0.00106369,0.000933372,0.000810269,0.000694748,0.000587153,0.000487806,0.000397004,0.000315016,0.000242088,0.000178438,0.000124255,7.97019e-05,4.49105e-05,1.99851e-05,5e-06,0,
0,8.87342e-06,3.54672e-05,7.97019e-05,0.000141446,0.000220514,0.000316671,0.00042963,0.000559054,0.000704556,0.000865702,0.00104201,0.00123296,0.00143797,0.00165644,0.00188771,0.0021311,0.00238587,0.00265127,0.0029265,0.00321075,0.00350316,0.00380286,0.00410896,0.00442055,0.00473669,0.00505643,0.00537884,0.00570294,0.00602777,0.00635235,0.00667573,0.00699692,0.00731499,0.00762897,0.00793792,0.00824094,0.00853711,0.00882554,0.00910539,0.0093758,0.00963598,0.00988516,0.0101226,0.0103475,0.0105593,0.0107574,0.0109411,0.0111099,0.0112633,0.0114008,0.011522,0.0116266,0.0117143,0.0117847,0.0118377,0.0118731,0.0118909,0.0118909,0.0118731,0.0118377,0.0117847,0.0117143,0.0116266,0.011522,0.0114008,0.0112633,0.0111099,0.0109411,0.0107574,0.0105593,0.0103475,0.0101226,0.00988516,0.00963598,0.0093758,0.00910539,0.00882554,0.00853711,0.00824094,0.00793792,0.00762897,0.00731499,0.00699692,0.00667573,0.00635235,0.00602777,0.00570294,0.00537884,0.00505643,0.00473669,0.00442055,0.00410896,0.00380286,0.00350316,0.00321075,0.0029265,0.00265127,0.00238587,0.0021311,0.00188771,0.00165644,0.00143797,0.00123296,0.00104201,0.000865702,0.000704556,0.000559054,0.00042963,0.000316671,0.000220514,0.000141446,7.97019e-05,3.54672e-05,8.87342e-06,0,
0,1.38337e-05,5.52934e-05,0.000124255,0.000220514,0.000343782,0.000493691,0.000669794,0.000871566,0.0010984,0.00134963,0.0016245,0.00192218,0.0022418,0.00258239,0.00294295,0.00332239,0.00371958,0.00413333,0.00456242,0.00500556,0.00546143,0.00592867,0.00640588,0.00689164,0.0073845,0.00788299,0.00838562,0.0088909,0.0093973,0.00990333,0.0104075,0.0109082,0.0114041,0.0118936,0.0123752,0.0128476,0.0133094,0.013759,0.0141953,0.0146169,0.0150225,0.015411,0.0157811,0.0161318,0.016462,0.0167708,0.0170572,0.0173203,0.0175595,0.0177738,0.0179629,0.0181259,0.0182626,0.0183724,0.018455,0.0185102,0.0185379,0.0185379,0.0185102,0.018455,0.0183724,0.0182626,0.0181259,0.0179629,0.0177738,0.0175595,0.0173203,0.0170572,0.0167708,0.016462,0.0161318,0.0157811,0.015411,0.0150225,0.0146169,0.0141953,0.013759,0.0133094,0.0128476,0.0123752,0.0118936,0.0114041,0.0109082,0.0104075,0.00990333,0.0093973,0.0088909,0.00838562,0.00788299,0.0073845,0.00689164,0.00640588,0.00592867,0.00546143,0.00500556,0.00456242,0.00413333,0.00371958,0.00332239,0.00294295,0.00258239,0.0022418,0.00192218,0.0016245,0.00134963,0.0010984,0.000871566,0.000669794,0.000493691,0.000343782,0.000220514,0.000124255,5.52934e-05,1.38337e-05,0,
0,1.9866e-05,7.94046e-05,0.000178438,0.000316671,0.000493691,0.00070897,0.000961864,0.00125162,0.00157737,0.00193815,0.00233287,0.00276037,0.00321936,0.00370847,0.00422625,0.00477114,0.00534153,0.00593571,0.00655191,0.00718828,0.00784294,0.00851392,0.00919922,0.0098968,0.0106046,0.0113204,0.0120423,0.0127679,0.0134951,0.0142218,0.0149457,0.0156648,0.0163769,0.0170799,0.0177716,0.01845,0.019113,0.0197588,0.0203853,0.0209907,0.0215732,0.0221311,0.0226626,0.0231662,0.0236405,0.0240839,0.0244951,0.024873,0.0252164,0.0255243,0.0257957,0.0260299,0.0262261,0.0263838,0.0265025,0.0265818,0.0266215,0.0266215,0.0265818,0.0265025,0.0263838,0.0262261,0.0260299,0.0257957,0.0255243,0.0252164,0.024873,0.0244951,0.0240839,0.0236405,0.0231662,0.0226626,0.0221311,0.0215732,0.0209907,0.0203853,0.0197588,0.019113,0.01845,0.0177716,0.0170799,0.0163769,0.0156648,0.0149457,0.0142218,0.0134951,0.0127679,0.0120423,0.0113204,0.0106046,0.0098968,0.00919922,0.00851392,0.00784294,0.00718828,0.00655191,0.00593571,0.00534153,0.00477114,0.00422625,0.00370847,0.00321936,0.00276037,0.00233287,0.00193815,0.00157737,0.00125162,0.000961864,0.00070897,0.000493691,0.000316671,0.000178438,7.94046e-05,1.9866e-05,0,
0,2.69523e-05,0.000107729,0.000242088,0.00042963,0.000669794,0.000961864,0.00130497,0.00169808,0.00214003,0.0026295,0.00316503,0.00374501,0.00436773,0.00503131,0.00573378,0.00647304,0.00724689,0.00805302,0.00888902,0.0097524,0.0106406,0.0115509,0.0124807,0.0134271,0.0143873,0.0153585,0.0163378,0.0173222,0.0183089,0.0192948,0.020277,0.0212526,0.0222187,0.0231724,0.0241108,0.0250312,0.0259308,0.0268069,0.0276569,0.0284783,0.0292686,0.0300254,0.0307465,0.0314298,0.0320732,0.0326748,0.0332327,0.0337454,0.0342113,0.034629,0.0349972,0.0353149,0.0355812,0.0357951,0.0359561,0.0360637,0.0361176,0.0361176,0.0360637,0.0359561,0.0357951,0.0355812,0.0353149,0.0349972,0.034629,0.0342113,0.0337454,0.0332327,0.0326748,0.0320732,0.0314298,0.0307465,0.0300254,0.0292686,0.0284783,0.0276569,0.0268069,0.0259308,0.0250312,0.0241108,0.0231724,0.0222187,0.0212526,0.020277,0.0192948,0.0183089,0.0173222,0.0163378,0.0153585,0.0143873,0.0134271,0.0124807,0.0115509,0.0106406,0.0097524,0.00888902,0.00805302,0.00724689,0.00647304,0.00573378,0.00503131,0.00436773,0.00374501,0.00316503,0.0026295,0.00214003,0.00169808,0.00130497,0.000961864,0.000669794,0.00042963,0.000242088,0.000107729,2.69523e-05,0,
0,3.50715e-05,0.000140181,0.000315016,0.000559054,0.000871566,0.00125162,0.00169808,0.00220962,0.00278471,0.00342162,0.00411847,0.00487318,0.00568348,0.00654696,0.00746105,0.00842301,0.00942998,0.0104789,0.0115668,0.0126902,0.013846,0.0150305,0.0162404,0.0174719,0.0187214,0.0199852,0.0212595,0.0225405,0.0238243,0.0251072,0.0263853,0.0276548,0.028912,0.0301529,0.0313741,0.0325717,0.0337423,0.0348823,0.0359884,0.0370572,0.0380855,0.0390704,0.0400087,0.0408979,0.0417351,0.0425179,0.0432439,0.043911,0.0445173,0.0450608,0.04554,0.0459534,0.0462998,0.0465782,0.0467877,0.0469277,0.0469978,0.0469978,0.0469277,0.0467877,0.0465782,0.0462998,0.0459534,0.04554,0.0450608,0.0445173,0.043911,0.0432439,0.0425179,0.0417351,0.0408979,0.0400087,0.0390704,0.0380855,0.0370572,0.0359884,0.0348823,0.0337423,0.0325717,0.0313741,0.0301529,0.028912,0.0276548,0.0263853,0.0251072,0.0238243,0.0225405,0.0212595,0.0199852,0.0187214,0.0174719,0.0162404,0.0150305,0.013846,0.0126902,0.0115668,0.0104789,0.00942998,0.00842301,0.00746105,0.00654696,0.00568348,0.00487318,0.00411847,0.00342162,0.00278471,0.00220962,0.00169808,0.00125162,0.000871566,0.000559054,0.000315016,0.000140181,3.50715e-05,0,
0,4.41994e-05,0.000176666,0.000397004,0.000704556,0.0010984,0.00157737,0.00214003,0.00278471,0.00350947,0.00431215,0.00519037,0.00614149,0.00716269,0.0082509,0.00940289,0.0106152,0.0118843,0.0132062,0.0145772,0.0159931,0.0174496,0.0189425,0.0204672,0.0220192,0.0235939,0.0251866,0.0267926,0.0284069,0.0300249,0.0316417,0.0332525,0.0348524,0.0364367,0.0380007,0.0395396,0.041049,0.0425242,0.0439609,0.0453549,0.0467019,0.0479979,0.049239,0.0504216,0.0515421,0.0525972,0.0535838,0.0544988,0.0553395,0.0561035,0.0567885,0.0573924,0.0579134,0.05835,0.0587008,0.0589649,0.0591413,0.0592297,0.0592297,0.0591413,0.0589649,0.0587008,0.05835,0.0579134,0.0573924,0.0567885,0.0561035,0.0553395,0.0544988,0.0535838,0.0525972,0.0515421,0.0504216,0.049239,0.0479979,0.0467019,0.0453549,0.0439609,0.0425242,0.041049,0.0395396,0.0380007,0.0364367,0.0348524,0.0332525,0.0316417,0.0300249,0.0284069,0.0267926,0.0251866,0.0235939,0.0220192,0.0204672,0.0189425,0.0174496,0.0159931,0.0145772,0.0132062,0.0118843,0.0106152,0.00940289,0.0082509,0.00716269,0.00614149,0.00519037,0.00431215,0.00350947,0.00278471,0.00214003,0.00157737,0.0010984,0.000704556,0.000397004,0.000176666,4.41994e-05,0,
0,5.43087e-05,0.000217073,0.000487806,0.000865702,0.00134963,0.00193815,0.0026295,0.00342162,0.00431215,0.00529843,0.00637751,0.00754617,0.00880094,0.0101381,0.0115535,0.0130431,0.0146024,0.0162268,0.0179113,0.019651,0.0214407,0.023275,0.0251484,0.0270554,0.0289903,0.0309473,0.0329206,0.0349042,0.0368923,0.0388788,0.040858,0.0428239,0.0447705,0.0466922,0.0485831,0.0504377,0.0522504,0.0540157,0.0557285,0.0573835,0.0589759,0.060501,0.061954,0.0633309,0.0646273,0.0658394,0.0669637,0.0679968,0.0689356,0.0697772,0.0705192,0.0711594,0.0716958,0.0721269,0.0724513,0.0726681,0.0727767,0.0727767,0.0726681,0.0724513,0.0721269,0.0716958,0.0711594,0.0705192,0.0697772,0.0689356,0.0679968,0.0669637,0.0658394,0.0646273,0.0633309,0.061954,0.060501,0.0589759,0.0573835,0.0557285,0.0540157,0.0522504,0.0504377,0.0485831,0.0466922,0.0447705,0.0428239,0.040858,0.0388788,0.0368923,0.0349042,0.0329206,0.0309473,0.0289903,0.0270554,0.0251484,0.023275,0.0214407,0.019651,0.0179113,0.0162268,0.0146024,0.0130431,0.0115535,0.0101381,0.00880094,0.00754617,0.00637751,0.00529843,0.00431215,0.00342162,0.0026295,0.00193815,0.00134963,0.000865702,0.000487806,0.000217073,5.43087e-05,0,
0,6.53693e-05,0.000261282,0.000587153,0.00104201,0.0016245,0.00233287,0.00316503,0.00411847,0.00519037,0.00637751,0.00767636,0.00908303,0.0105933,0.0122028,0.0139065,0.0156995,0.0175764,0.0195315,0.0215591,0.0236532,0.0258073,0.0280152,0.0302702,0.0325656,0.0348945,0.0372501,0.0396252,0.0420128,0.0444058,0.0467969,0.0491792,0.0515454,0.0538885,0.0562016,0.0584776,0.0607099,0.0628917,0.0650166,0.0670782,0.0690703,0.070987,0.0728226,0.0745716,0.0762289,0.0777893,0.0792483,0.0806016,0.0818451,0.082975,0.0839881,0.0848812,0.0856517,0.0862974,0.0868163,0.0872068,0.0874678,0.0875985,0.0875985,0.0874678,0.0872068,0.0868163,0.0862974,0.0856517,0.0848812,0.0839881,0.082975,0.0818451,0.0806016,0.0792483,0.0777893,0.0762289,0.0745716,0.0728226,0.070987,0.0690703,0.0670782,0.0650166,0.0628917,0.0607099,0.0584776,0.0562016,0.0538885,0.0515454,0.0491792,0.0467969,0.0444058,0.0420128,0.0396252,0.0372501,0.0348945,0.0325656,0.0302702,0.0280152,0.0258073,0.0236532,0.0215591,0.0195315,0.0175764,0.0156995,0.0139065,0.0122028,0.0105933,0.00908303,0.00767636,0.00637751,0.00519037,0.00411847,0.00316503,0.00233287,0.0016245,0.00104201,0.000587153,0.000261282,6.53693e-05,0,
0,7.7348e-05,0.000309161,0.000694748,0.00123296,0.00192218,0.00276037,0.00374501,0.00487318,0.00614149,0.00754617,0.00908303,0.0107475,0.0125345,0.0144389,0.0164549,0.0185764,0.0207972,0.0231107,0.0255098,0.0279875,0.0305364,0.0331489,0.0358171,0.0385332,0.0412889,0.0440761,0.0468864,0.0497116,0.052543,0.0553724,0.0581912,0.060991,0.0637635,0.0665004,0.0691935,0.0718348,0.0744165,0.0769307,0.0793701,0.0817273,0.0839952,0.0861672,0.0882367,0.0901976,0.092044,0.0937704,0.0953717,0.096843,0.09818,0.0993787,0.100435,0.101347,0.102111,0.102725,0.103187,0.103496,0.103651,0.103651,0.103496,0.103187,0.102725,0.102111,0.101347,0.100435,0.0993787,0.09818,0.096843,0.0953717,0.0937704,0.092044,0.0901976,0.0882367,0.0861672,0.0839952,0.0817273,0.0793701,0.0769307,0.0744165,0.0718348,0.0691935,0.0665004,0.0637635,0.060991,0.0581912,0.0553724,0.052543,0.0497116,0.0468864,0.0440761,0.0412889,0.0385332,0.0358171,0.0331489,0.0305364,0.0279875,0.0255098,0.0231107,0.0207972,0.0185764,0.0164549,0.0144389,0.0125345,0.0107475,0.00908303,0.00754617,0.00614149,0.00487318,0.00374501,0.00276037,0.00192218,0.00123296,0.000694748,0.000309161,7.7348e-05,0,
0,9.02093e-05,0.000360568,0.000810269,0.00143797,0.0022418,0.00321936,0.00436773,0.00568348,0.00716269,0.00880094,0.0105933,0.0125345,0.0146188,0.0168398,0.0191909,0.0216653,0.0242553,0.0269534,0.0297515,0.0326413,0.035614,0.0386608,0.0417727,0.0449404,0.0481543,0.051405,0.0546826,0.0579775,0.0612798,0.0645796,0.0678671,0.0711324,0.0743659,0.0775579,0.0806989,0.0837794,0.0867903,0.0897226,0.0925676,0.0953167,0.0979618,0.100495,0.102909,0.105196,0.107349,0.109362,0.11123,0.112946,0.114505,0.115903,0.117136,0.118199,0.11909,0.119806,0.120345,0.120705,0.120886,0.120886,0.120705,0.120345,0.119806,0.11909,0.118199,0.117136,0.115903,0.114505,0.112946,0.11123,0.109362,0.107349,0.105196,0.102909,0.100495,0.0979618,0.0953167,0.0925676,0.0897226,0.0867903,0.0837794,0.0806989,0.0775579,0.0743659,0.0711324,0.0678671,0.0645796,0.0612798,0.0579775,0.0546826,0.051405,0.0481543,0.0449404,0.0417727,0.0386608,0.035614,0.0326413,0.0297515,0.0269534,0.0242553,0.0216653,0.0191909,0.0168398,0.0146188,0.0125345,0.0105933,0.00880094,0.00716269,0.00568348,0.00436773,0.00321936,0.0022418,0.00143797,0.000810269,0.000360568,9.02093e-05,0,
0,0.000103915,0.000415349,0.000933372,0.00165644,0.00258239,0.00370847,0.00503131,0.00654696,0.0082509,0.0101381,0.0122028,0.0144389,0.0168398,0.0193982,0.0221066,0.0249568,0.0279404,0.0310484,0.0342716,0.0376004,0.0410248,0.0445345,0.0481192,0.0517681,0.0554703,0.0592148,0.0629905,0.0667859,0.0705899,0.0743911,0.078178,0.0819395,0.0856643,0.0893412,0.0929593,0.0965079,0.0999762,0.103354,0.106631,0.109798,0.112845,0.115763,0.118543,0.121178,0.123658,0.125978,0.128129,0.130106,0.131902,0.133512,0.134932,0.136157,0.137183,0.138008,0.138629,0.139044,0.139252,0.139252,0.139044,0.138629,0.138008,0.137183,0.136157,0.134932,0.133512,0.131902,0.130106,0.128129,0.125978,0.123658,0.121178,0.118543,0.115763,0.112845,0.109798,0.106631,0.103354,0.0999762,0.0965079,0.0929593,0.0893412,0.0856643,0.0819395,0.078178,0.0743911,0.0705899,0.0667859,0.0629905,0.0592148,0.0554703,0.0517681,0.0481192,0.0445345,0.0410248,0.0376004,0.0342716,0.0310484,0.0279404,0.0249568,0.0221066,0.0193982,0.0168398,0.0144389,0.0122028,0.0101381,0.0082509,0.00654696,0.00503131,0.00370847,0.00258239,0.00165644,0.000933372,0.000415349,0.000103915,0,
0,0.000118423,0.00047334,0.00106369,0.00188771,0.00294295,0.00422625,0.00573378,0.00746105,0.00940289,0.0115535,0.0139065,0.0164549,0.0191909,0.0221066,0.0251931,0.0284413,0.0318415,0.0353834,0.0390567,0.0428502,0.0467526,0.0507524,0.0548376,0.058996,0.0632151,0.0674824,0.0717852,0.0761106,0.0804457,0.0847775,0.0890932,0.0933799,0.0976247,0.101815,0.105938,0.109982,0.113935,0.117784,0.121519,0.125128,0.1286,0.131926,0.135094,0.138097,0.140923,0.143567,0.146018,0.148271,0.150318,0.152153,0.153771,0.155167,0.156337,0.157277,0.157984,0.158457,0.158694,0.158694,0.158457,0.157984,0.157277,0.156337,0.155167,0.153771,0.152153,0.150318,0.148271,0.146018,0.143567,0.140923,0.138097,0.135094,0.131926,0.1286,0.125128,0.121519,0.117784,0.113935,0.109982,0.105938,0.101815,0.0976247,0.0933799,0.0890932,0.0847775,0.0804457,0.0761106,0.0717852,0.0674824,0.0632151,0.058996,0.0548376,0.0507524,0.0467526,0.0428502,0.0390567,0.0353834,0.0318415,0.0284413,0.0251931,0.0221066,0.0191909,0.0164549,0.0139065,0.0115535,0.00940289,0.00746105,0.00573378,0.00422625,0.00294295,0.00188771,0.00106369,0.00047334,0.000118423,0,
0,0.000133692,0.000534368,0.00120083,0.0021311,0.00332239,0.00477114,0.00647304,0.00842301,0.0106152,0.0130431,0.0156995,0.0185764,0.0216653,0.0249568,0.0284413,0.0321083,0.0359468,0.0399455,0.0440923,0.0483749,0.0527805,0.057296,0.0619079,0.0666024,0.0713655,0.076183,0.0810406,0.0859236,0.0908177,0.095708,0.10058,0.10542,0.110212,0.114942,0.119597,0.124163,0.128625,0.13297,0.137187,0.141261,0.145181,0.148935,0.152512,0.155902,0.159093,0.162077,0.164845,0.167388,0.169699,0.171771,0.173597,0.175173,0.176494,0.177555,0.178353,0.178887,0.179154,0.179154,0.178887,0.178353,0.177555,0.176494,0.175173,0.173597,0.171771,0.169699,0.167388,0.164845,0.162077,0.159093,0.155902,0.152512,0.148935,0.145181,0.141261,0.137187,0.13297,0.128625,0.124163,0.119597,0.114942,0.110212,0.10542,0.10058,0.095708,0.0908177,0.0859236,0.0810406,0.076183,0.0713655,0.0666024,0.0619079,0.057296,0.0527805,0.0483749,0.0440923,0.0399455,0.0359468,0.0321083,0.0284413,0.0249568,0.0216653,0.0185764,0.0156995,0.0130431,0.0106152,0.00842301,0.00647304,0.00477114,0.00332239,0.0021311,0.00120083,0.000534368,0.000133692,0,
0,0.000149675,0.000598252,0.00134439,0.00238587,0.00371958,0.00534153,0.00724689,0.00942998,0.0118843,0.0146024,0.0175764,0.0207972,0.0242553,0.0279404,0.0318415,0.0359468,0.0402443,0.0447209,0.0493635,0.0541581,0.0590904,0.0641457,0.069309,0.0745647,0.0798972,0.0852907,0.090729,0.0961958,0.101675,0.10715,0.112605,0.118022,0.123387,0.128684,0.133895,0.139006,0.144002,0.148867,0.153587,0.158149,0.162537,0.16674,0.170745,0.17454,0.178112,0.181453,0.184552,0.187399,0.189986,0.192306,0.194351,0.196115,0.197593,0.198781,0.199675,0.200273,0.200572,0.200572,0.200273,0.199675,0.198781,0.197593,0.196115,0.194351,0.192306,0.189986,0.187399,0.184552,0.181453,0.178112,0.17454,0.170745,0.16674,0.162537,0.158149,0.153587,0.148867,0.144002,0.139006,0.133895,0.128684,0.123387,0.118022,0.112605,0.10715,0.101675,0.0961958,0.090729,0.0852907,0.0798972,0.0745647,0.069309,0.0641457,0.0590904,0.0541581,0.0493635,0.0447209,0.0402443,0.0359468,0.0318415,0.0279404,0.0242553,0.0207972,0.0175764,0.0146024,0.0118843,0.00942998,0.00724689,0.00534153,0.00371958,0.00238587,0.00134439,0.000598252,0.000149675,0,
0,0.000166324,0.0006648,0.00149394,0.00265127,0.00413333,0.00593571,0.00805302,0.0104789,0.0132062,0.0162268,0.0195315,0.0231107,0.0269534,0.0310484,0.0353834,0.0399455,0.0447209,0.0496956,0.0548546,0.0601825,0.0656635,0.0712812,0.0770187,0.0828591,0.0887848,0.0947782,0.100821,0.106896,0.112985,0.119069,0.12513,0.131151,0.137113,0.142998,0.148789,0.154469,0.16002,0.165427,0.170672,0.175741,0.180618,0.185288,0.189738,0.193955,0.197925,0.201638,0.205081,0.208245,0.21112,0.213697,0.21597,0.21793,0.219573,0.220893,0.221887,0.222551,0.222884,0.222884,0.222551,0.221887,0.220893,0.219573,0.21793,0.21597,0.213697,0.21112,0.208245,0.205081,0.201638,0.197925,0.193955,0.189738,0.185288,0.180618,0.175741,0.170672,0.165427,0.16002,0.154469,0.148789,0.142998,0.137113,0.131151,0.12513,0.119069,0.112985,0.106896,0.100821,0.0947782,0.0887848,0.0828591,0.0770187,0.0712812,0.0656635,0.0601825,0.0548546,0.0496956,0.0447209,0.0399455,0.0353834,0.0310484,0.0269534,0.0231107,0.0195315,0.0162268,0.0132062,0.0104789,0.00805302,0.00593571,0.00413333,0.00265127,0.00149394,0.0006648,0.000166324,0,
0,0.00018359,0.000733814,0.00164903,0.0029265,0.00456242,0.00655191,0.00888902,0.0115668,0.0145772,0.0179113,0.0215591,0.0255098,0.0297515,0.0342716,0.0390567,0.0440923,0.0493635,0.0548546,0.0605492,0.0664302,0.0724802,0.078681,0.0850142,0.0914609,0.0980017,0.104617,0.111288,0.117994,0.124714,0.13143,0.13812,0.144766,0.151347,0.157843,0.164235,0.170505,0.176632,0.1826,0.18839,0.193985,0.199368,0.204523,0.209435,0.21409,0.218472,0.22257,0.226371,0.229863,0.233036,0.235882,0.23839,0.240554,0.242367,0.243825,0.244921,0.245654,0.246021,0.246021,0.245654,0.244921,0.243825,0.242367,0.240554,0.23839,0.235882,0.233036,0.229863,0.226371,0.22257,0.218472,0.21409,0.209435,0.204523,0.199368,0.193985,0.18839,0.1826,0.176632,0.170505,0.164235,0.157843,0.151347,0.144766,0.13812,0.13143,0.124714,0.117994,0.111288,0.104617,0.0980017,0.0914609,0.0850142,0.078681,0.0724802,0.0664302,0.0605492,0.0548546,0.0493635,0.0440923,0.0390567,0.0342716,0.0297515,0.0255098,0.0215591,0.0179113,0.0145772,0.0115668,0.00888902,0.00655191,0.00456242,0.0029265,0.00164903,0.000733814,0.00018359,0,
0,0.000201422,0.000805088,0.0018092,0.00321075,0.00500556,0.00718828,0.0097524,0.0126902,0.0159931,0.019651,0.0236532,0.0279875,0.0326413,0.0376004,0.0428502,0.0483749,0.0541581,0.0601825,0.0664302,0.0728824,0.07952,0.0863231,0.0932715,0.100344,0.10752,0.114779,0.122097,0.129454,0.136827,0.144195,0.151536,0.158827,0.166047,0.173174,0.180187,0.187065,0.193788,0.200336,0.206688,0.212826,0.218732,0.224388,0.229778,0.234884,0.239692,0.244188,0.248358,0.252189,0.255671,0.258792,0.261544,0.263919,0.265908,0.267507,0.26871,0.269514,0.269917,0.269917,0.269514,0.26871,0.267507,0.265908,0.263919,0.261544,0.258792,0.255671,0.252189,0.248358,0.244188,0.239692,0.234884,0.229778,0.224388,0.218732,0.212826,0.206688,0.200336,0.193788,0.187065,0.180187,0.173174,0.166047,0.158827,0.151536,0.144195,0.136827,0.129454,0.122097,0.114779,0.10752,0.100344,0.0932715,0.0863231,0.07952,0.0728824,0.0664302,0.0601825,0.0541581,0.0483749,0.0428502,0.0376004,0.0326413,0.0279875,0.0236532,0.019651,0.0159931,0.0126902,0.0097524,0.00718828,0.00500556,0.00321075,0.0018092,0.000805088,0.000201422,0,
0,0.000219766,0.000878409,0.00197396,0.00350316,0.00546143,0.00784294,0.0106406,0.013846,0.0174496,0.0214407,0.0258073,0.0305364,0.035614,0.0410248,0.0467526,0.0527805,0.0590904,0.0656635,0.0724802,0.07952,0.0867621,0.0941848,0.101766,0.109483,0.117313,0.125232,0.133217,0.141244,0.149289,0.157328,0.165337,0.173292,0.181169,0.188945,0.196597,0.204102,0.211437,0.218581,0.225511,0.232209,0.238653,0.244824,0.250704,0.256275,0.261522,0.266427,0.270976,0.275157,0.278955,0.282361,0.285364,0.287954,0.290125,0.291869,0.293182,0.29406,0.294499,0.294499,0.29406,0.293182,0.291869,0.290125,0.287954,0.285364,0.282361,0.278955,0.275157,0.270976,0.266427,0.261522,0.256275,0.250704,0.244824,0.238653,0.232209,0.225511,0.218581,0.211437,0.204102,0.196597,0.188945,0.181169,0.173292,0.165337,0.157328,0.149289,0.141244,0.133217,0.125232,0.117313,0.109483,0.101766,0.0941848,0.0867621,0.07952,0.0724802,0.0656635,0.0590904,0.0527805,0.0467526,0.0410248,0.035614,0.0305364,0.0258073,0.0214407,0.0174496,0.013846,0.0106406,0.00784294,0.00546143,0.00350316,0.00197396,0.000878409,0.000219766,0,
0,0.000238568,0.000953559,0.00214284,0.00380286,0.00592867,0.00851392,0.0115509,0.0150305,0.0189425,0.023275,0.0280152,0.0331489,0.0386608,0.0445345,0.0507524,0.057296,0.0641457,0.0712812,0.078681,0.0863231,0.0941848,0.102243,0.110472,0.118849,0.127349,0.135946,0.144614,0.153327,0.162061,0.170787,0.179481,0.188117,0.196668,0.20511,0.213416,0.221563,0.229526,0.237281,0.244804,0.252075,0.25907,0.265769,0.272152,0.2782,0.283895,0.28922,0.294159,0.298697,0.302821,0.306518,0.309777,0.31259,0.314946,0.31684,0.318265,0.319217,0.319694,0.319694,0.319217,0.318265,0.31684,0.314946,0.31259,0.309777,0.306518,0.302821,0.298697,0.294159,0.28922,0.283895,0.2782,0.272152,0.265769,0.25907,0.252075,0.244804,0.237281,0.229526,0.221563,0.213416,0.20511,0.196668,0.188117,0.179481,0.170787,0.162061,0.153327,0.144614,0.135946,0.127349,0.118849,0.110472,0.102243,0.0941848,0.0863231,0.078681,0.0712812,0.0641457,0.057296,0.0507524,0.0445345,0.0386608,0.0331489,0.0280152,0.023275,0.0189425,0.0150305,0.0115509,0.00851392,0.00592867,0.00380286,0.00214284,0.000953559,0.000238568,0,
0,0.000257771,0.00103031,0.00231532,0.00410896,0.00640588,0.00919922,0.0124807,0.0162404,0.0204672,0.0251484,0.0302702,0.0358171,0.0417727,0.0481192,0.0548376,0.0619079,0.069309,0.0770187,0.0850142,0.0932715,0.101766,0.110472,0.119364,0.128416,0.1376,0.146888,0.156254,0.165669,0.175105,0.184534,0.193928,0.203259,0.212499,0.22162,0.230595,0.239397,0.248001,0.25638,0.264509,0.272365,0.279923,0.287161,0.294058,0.300593,0.306747,0.3125,0.317836,0.32274,0.327195,0.33119,0.334712,0.337751,0.340297,0.342343,0.343883,0.344912,0.345427,0.345427,0.344912,0.343883,0.342343,0.340297,0.337751,0.334712,0.33119,0.327195,0.32274,0.317836,0.3125,0.306747,0.300593,0.294058,0.287161,0.279923,0.272365,0.264509,0.25638,0.248001,0.239397,0.230595,0.22162,0.212499,0.203259,0.193928,0.184534,0.175105,0.165669,0.156254,0.146888,0.1376,0.128416,0.119364,0.110472,0.101766,0.0932715,0.0850142,0.0770187,0.069309,0.0619079,0.0548376,0.0481192,0.0417727,0.0358171,0.0302702,0.0251484,0.0204672,0.0162404,0.0124807,0.00919922,0.00640588,0.00410896,0.00231532,0.00103031,0.000257771,0,
0,0.000277317,0.00110844,0.00249089,0.00442055,0.00689164,0.0098968,0.0134271,0.0174719,0.0220192,0.0270554,0.0325656,0.0385332,0.0449404,0.0517681,0.058996,0.0666024,0.0745647,0.0828591,0.0914609,0.100344,0.109483,0.118849,0.128416,0.138154,0.148034,0.158027,0.168103,0.178232,0.188384,0.198528,0.208634,0.218672,0.228612,0.238425,0.248081,0.257551,0.266807,0.275821,0.284567,0.293018,0.30115,0.308937,0.316357,0.323387,0.330007,0.336197,0.341938,0.347213,0.352007,0.356304,0.360093,0.363362,0.366101,0.368303,0.369959,0.371067,0.371621,0.371621,0.371067,0.369959,0.368303,0.366101,0.363362,0.360093,0.356304,0.352007,0.347213,0.341938,0.336197,0.330007,0.323387,0.316357,0.308937,0.30115,0.293018,0.284567,0.275821,0.266807,0.257551,0.248081,0.238425,0.228612,0.218672,0.208634,0.198528,0.188384,0.178232,0.168103,0.158027,0.148034,0.138154,0.128416,0.118849,0.109483,0.100344,0.0914609,0.0828591,0.0745647,0.0666024,0.058996,0.0517681,0.0449404,0.0385332,0.0325656,0.0270554,0.0220192,0.0174719,0.0134271,0.0098968,0.00689164,0.00442055,0.00249089,0.00110844,0.000277317,0,
0,0.00029715,0.00118771,0.00266903,0.00473669,0.0073845,0.0106046,0.0143873,0.0187214,0.0235939,0.0289903,0.0348945,0.0412889,0.0481543,0.0554703,0.0632151,0.0713655,0.0798972,0.0887848,0.0980017,0.10752,0.117313,0.127349,0.1376,0.148034,0.158621,0.169328,0.180125,0.190978,0.201856,0.212726,0.223555,0.234311,0.244962,0.255476,0.265823,0.27597,0.285888,0.295547,0.304918,0.313974,0.322687,0.331031,0.338981,0.346515,0.353608,0.36024,0.366392,0.372044,0.377181,0.381786,0.385846,0.389348,0.392283,0.394642,0.396417,0.397604,0.398198,0.398198,0.397604,0.396417,0.394642,0.392283,0.389348,0.385846,0.381786,0.377181,0.372044,0.366392,0.36024,0.353608,0.346515,0.338981,0.331031,0.322687,0.313974,0.304918,0.295547,0.285888,0.27597,0.265823,0.255476,0.244962,0.234311,0.223555,0.212726,0.201856,0.190978,0.180125,0.169328,0.158621,0.148034,0.1376,0.127349,0.117313,0.10752,0.0980017,0.0887848,0.0798972,0.0713655,0.0632151,0.0554703,0.0481543,0.0412889,0.0348945,0.0289903,0.0235939,0.0187214,0.0143873,0.0106046,0.0073845,0.00473669,0.00266903,0.00118771,0.00029715,0,
0,0.000317209,0.00126789,0.0028492,0.00505643,0.00788299,0.0113204,0.0153585,0.0199852,0.0251866,0.0309473,0.0372501,0.0440761,0.051405,0.0592148,0.0674824,0.076183,0.0852907,0.0947782,0.104617,0.114779,0.125232,0.135946,0.146888,0.158027,0.169328,0.180759,0.192284,0.20387,0.215482,0.227086,0.238646,0.250128,0.261498,0.272722,0.283767,0.294599,0.305187,0.315498,0.325502,0.335169,0.34447,0.353377,0.361864,0.369906,0.377478,0.384558,0.391125,0.397159,0.402642,0.407558,0.411892,0.415631,0.418765,0.421282,0.423177,0.424444,0.425078,0.425078,0.424444,0.423177,0.421282,0.418765,0.415631,0.411892,0.407558,0.402642,0.397159,0.391125,0.384558,0.377478,0.369906,0.361864,0.353377,0.34447,0.335169,0.325502,0.315498,0.305187,0.294599,0.283767,0.272722,0.261498,0.250128,0.238646,0.227086,0.215482,0.20387,0.192284,0.180759,0.169328,0.158027,0.146888,0.135946,0.125232,0.114779,0.104617,0.0947782,0.0852907,0.076183,0.0674824,0.0592148,0.051405,0.0440761,0.0372501,0.0309473,0.0251866,0.0199852,0.0153585,0.0113204,0.00788299,0.00505643,0.0028492,0.00126789,0.000317209,0,
0,0.000337435,0.00134873,0.00303087,0.00537884,0.00838562,0.0120423,0.0163378,0.0212595,0.0267926,0.0329206,0.0396252,0.0468864,0.0546826,0.0629905,0.0717852,0.0810406,0.090729,0.100821,0.111288,0.122097,0.133217,0.144614,0.156254,0.168103,0.180125,0.192284,0.204545,0.216869,0.229222,0.241565,0.253862,0.266076,0.278172,0.290111,0.30186,0.313383,0.324646,0.335614,0.346256,0.356539,0.366434,0.375909,0.384937,0.393492,0.401547,0.409078,0.416064,0.422483,0.428315,0.433545,0.438155,0.442133,0.445466,0.448144,0.45016,0.451507,0.452182,0.452182,0.451507,0.45016,0.448144,0.445466,0.442133,0.438155,0.433545,0.428315,0.422483,0.416064,0.409078,0.401547,0.393492,0.384937,0.375909,0.366434,0.356539,0.346256,0.335614,0.324646,0.313383,0.30186,0.290111,0.278172,0.266076,0.253862,0.241565,0.229222,0.216869,0.204545,0.192284,0.180125,0.168103,0.156254,0.144614,0.133217,0.122097,0.111288,0.100821,0.090729,0.0810406,0.0717852,0.0629905,0.0546826,0.0468864,0.0396252,0.0329206,0.0267926,0.0212595,0.0163378,0.0120423,0.00838562,0.00537884,0.00303087,0.00134873,0.000337435,0,
0,0.000357767,0.00143,0.0032135,0.00570294,0.0088909,0.0127679,0.0173222,0.0225405,0.0284069,0.0349042,0.0420128,0.0497116,0.0579775,0.0667859,0.0761106,0.0859236,0.0961958,0.106896,0.117994,0.129454,0.141244,0.153327,0.165669,0.178232,0.190978,0.20387,0.216869,0.229937,0.243033,0.25612,0.269158,0.282109,0.294933,0.307592,0.320049,0.332266,0.344207,0.355837,0.36712,0.378023,0.388513,0.398559,0.408132,0.417202,0.425742,0.433727,0.441134,0.447939,0.454123,0.459668,0.464556,0.468773,0.472307,0.475147,0.477284,0.478712,0.479428,0.479428,0.478712,0.477284,0.475147,0.472307,0.468773,0.464556,0.459668,0.454123,0.447939,0.441134,0.433727,0.425742,0.417202,0.408132,0.398559,0.388513,0.378023,0.36712,0.355837,0.344207,0.332266,0.320049,0.307592,0.294933,0.282109,0.269158,0.25612,0.243033,0.229937,0.216869,0.20387,0.190978,0.178232,0.165669,0.153327,0.141244,0.129454,0.117994,0.106896,0.0961958,0.0859236,0.0761106,0.0667859,0.0579775,0.0497116,0.0420128,0.0349042,0.0284069,0.0225405,0.0173222,0.0127679,0.0088909,0.00570294,0.0032135,0.00143,0.000357767,0,
0,0.000378144,0.00151145,0.00339653,0.00602777,0.0093973,0.0134951,0.0183089,0.0238243,0.0300249,0.0368923,0.0444058,0.052543,0.0612798,0.0705899,0.0804457,0.0908177,0.101675,0.112985,0.124714,0.136827,0.149289,0.162061,0.175105,0.188384,0.201856,0.215482,0.229222,0.243033,0.256876,0.270708,0.284489,0.298177,0.311731,0.325112,0.338278,0.351191,0.363812,0.376104,0.38803,0.399554,0.410642,0.42126,0.431378,0.440964,0.449991,0.458431,0.46626,0.473453,0.479989,0.485849,0.491016,0.495473,0.499209,0.50221,0.504469,0.505979,0.506735,0.506735,0.505979,0.504469,0.50221,0.499209,0.495473,0.491016,0.485849,0.479989,0.473453,0.46626,0.458431,0.449991,0.440964,0.431378,0.42126,0.410642,0.399554,0.38803,0.376104,0.363812,0.351191,0.338278,0.325112,0.311731,0.298177,0.284489,0.270708,0.256876,0.243033,0.229222,0.215482,0.201856,0.188384,0.175105,0.162061,0.149289,0.136827,0.124714,0.112985,0.101675,0.0908177,0.0804457,0.0705899,0.0612798,0.052543,0.0444058,0.0368923,0.0300249,0.0238243,0.0183089,0.0134951,0.0093973,0.00602777,0.00339653,0.00151145,0.000378144,0,
0,0.000398507,0.00159284,0.00357943,0.00635235,0.00990333,0.0142218,0.0192948,0.0251072,0.0316417,0.0388788,0.0467969,0.0553724,0.0645796,0.0743911,0.0847775,0.095708,0.10715,0.119069,0.13143,0.144195,0.157328,0.170787,0.184534,0.198528,0.212726,0.227086,0.241565,0.25612,0.270708,0.285285,0.299808,0.314233,0.328518,0.342618,0.356494,0.370102,0.383403,0.396357,0.408925,0.421069,0.432754,0.443944,0.454607,0.46471,0.474223,0.483117,0.491367,0.498947,0.505836,0.512012,0.517456,0.522154,0.52609,0.529253,0.531634,0.533225,0.534022,0.534022,0.533225,0.531634,0.529253,0.52609,0.522154,0.517456,0.512012,0.505836,0.498947,0.491367,0.483117,0.474223,0.46471,0.454607,0.443944,0.432754,0.421069,0.408925,0.396357,0.383403,0.370102,0.356494,0.342618,0.328518,0.314233,0.299808,0.285285,0.270708,0.25612,0.241565,0.227086,0.212726,0.198528,0.184534,0.170787,0.157328,0.144195,0.13143,0.119069,0.10715,0.095708,0.0847775,0.0743911,0.0645796,0.0553724,0.0467969,0.0388788,0.0316417,0.0251072,0.0192948,0.0142218,0.00990333,0.00635235,0.00357943,0.00159284,0.000398507,0,
0,0.000418793,0.00167392,0.00376164,0.00667573,0.0104075,0.0149457,0.020277,0.0263853,0.0332525,0.040858,0.0491792,0.0581912,0.0678671,0.078178,0.0890932,0.10058,0.112605,0.12513,0.13812,0.151536,0.165337,0.179481,0.193928,0.208634,0.223555,0.238646,0.253862,0.269158,0.284489,0.299808,0.31507,0.33023,0.345241,0.36006,0.374641,0.388943,0.402921,0.416534,0.429741,0.442504,0.454784,0.466544,0.477749,0.488366,0.498363,0.507711,0.516381,0.524347,0.531586,0.538076,0.543798,0.548735,0.552871,0.556195,0.558697,0.560369,0.561207,0.561207,0.560369,0.558697,0.556195,0.552871,0.548735,0.543798,0.538076,0.531586,0.524347,0.516381,0.507711,0.498363,0.488366,0.477749,0.466544,0.454784,0.442504,0.429741,0.416534,0.402921,0.388943,0.374641,0.36006,0.345241,0.33023,0.31507,0.299808,0.284489,0.269158,0.253862,0.238646,0.223555,0.208634,0.193928,0.179481,0.165337,0.151536,0.13812,0.12513,0.112605,0.10058,0.0890932,0.078178,0.0678671,0.0581912,0.0491792,0.040858,0.0332525,0.0263853,0.020277,0.0149457,0.0104075,0.00667573,0.00376164,0.00167392,0.000418793,0,
0,0.000438943,0.00175446,0.00394263,0.00699692,0.0109082,0.0156648,0.0212526,0.0276548,0.0348524,0.0428239,0.0515454,0.060991,0.0711324,0.0819395,0.0933799,0.10542,0.118022,0.131151,0.144766,0.158827,0.173292,0.188117,0.203259,0.218672,0.234311,0.250128,0.266076,0.282109,0.298177,0.314233,0.33023,0.346118,0.361852,0.377384,0.392667,0.407656,0.422307,0.436575,0.450418,0.463795,0.476665,0.488991,0.500736,0.511864,0.522342,0.532139,0.541226,0.549575,0.557163,0.563965,0.569962,0.575137,0.579472,0.582956,0.585578,0.587331,0.588209,0.588209,0.587331,0.585578,0.582956,0.579472,0.575137,0.569962,0.563965,0.557163,0.549575,0.541226,0.532139,0.522342,0.511864,0.500736,0.488991,0.476665,0.463795,0.450418,0.436575,0.422307,0.407656,0.392667,0.377384,0.361852,0.346118,0.33023,0.314233,0.298177,0.282109,0.266076,0.250128,0.234311,0.218672,0.203259,0.188117,0.173292,0.158827,0.144766,0.131151,0.118022,0.10542,0.0933799,0.0819395,0.0711324,0.060991,0.0515454,0.0428239,0.0348524,0.0276548,0.0212526,0.0156648,0.0109082,0.00699692,0.00394263,0.00175446,0.000438943,0,
0,0.000458897,0.00183422,0.00412186,0.00731499,0.0114041,0.0163769,0.0222187,0.028912,0.0364367,0.0447705,0.0538885,0.0637635,0.0743659,0.0856643,0.0976247,0.110212,0.123387,0.137113,0.151347,0.166047,0.181169,0.196668,0.212499,0.228612,0.244962,0.261498,0.278172,0.294933,0.311731,0.328518,0.345241,0.361852,0.378301,0.394539,0.410517,0.426187,0.441504,0.456421,0.470893,0.484878,0.498333,0.51122,0.523498,0.535132,0.546086,0.556329,0.565829,0.574558,0.58249,0.589602,0.595872,0.601281,0.605814,0.609456,0.612197,0.61403,0.614947,0.614947,0.61403,0.612197,0.609456,0.605814,0.601281,0.595872,0.589602,0.58249,0.574558,0.565829,0.556329,0.546086,0.535132,0.523498,0.51122,0.498333,0.484878,0.470893,0.456421,0.441504,0.426187,0.410517,0.394539,0.378301,0.361852,0.345241,0.328518,0.311731,0.294933,0.278172,0.261498,0.244962,0.228612,0.212499,0.196668,0.181169,0.166047,0.151347,0.137113,0.123387,0.110212,0.0976247,0.0856643,0.0743659,0.0637635,0.0538885,0.0447705,0.0364367,0.028912,0.0222187,0.0163769,0.0114041,0.00731499,0.00412186,0.00183422,0.000458897,0,
0,0.000478594,0.00191295,0.00429878,0.00762897,0.0118936,0.0170799,0.0231724,0.0301529,0.0380007,0.0466922,0.0562016,0.0665004,0.0775579,0.0893412,0.101815,0.114942,0.128684,0.142998,0.157843,0.173174,0.188945,0.20511,0.22162,0.238425,0.255476,0.272722,0.290111,0.307592,0.325112,0.342618,0.36006,0.377384,0.394539,0.411473,0.428137,0.444481,0.460454,0.476011,0.491105,0.50569,0.519723,0.533163,0.545968,0.558101,0.569526,0.580208,0.590116,0.599219,0.607492,0.614909,0.621448,0.627089,0.631817,0.635616,0.638475,0.640385,0.641342,0.641342,0.640385,0.638475,0.635616,0.631817,0.627089,0.621448,0.614909,0.607492,0.599219,0.590116,0.580208,0.569526,0.558101,0.545968,0.533163,0.519723,0.50569,0.491105,0.476011,0.460454,0.444481,0.428137,0.411473,0.394539,0.377384,0.36006,0.342618,0.325112,0.307592,0.290111,0.272722,0.255476,0.238425,0.22162,0.20511,0.188945,0.173174,0.157843,0.142998,0.128684,0.114942,0.101815,0.0893412,0.0775579,0.0665004,0.0562016,0.0466922,0.0380007,0.0301529,0.0231724,0.0170799,0.0118936,0.00762897,0.00429878,0.00191295,0.000478594,0,
0,0.000497976,0.00199042,0.00447287,0.00793792,0.0123752,0.0177716,0.0241108,0.0313741,0.0395396,0.0485831,0.0584776,0.0691935,0.0806989,0.0929593,0.105938,0.119597,0.133895,0.148789,0.164235,0.180187,0.196597,0.213416,0.230595,0.248081,0.265823,0.283767,0.30186,0.320049,0.338278,0.356494,0.374641,0.392667,0.410517,0.428137,0.445476,0.462481,0.479102,0.495289,0.510994,0.52617,0.540771,0.554755,0.568078,0.580703,0.59259,0.603705,0.614014,0.623487,0.632094,0.639812,0.646615,0.652485,0.657404,0.661357,0.664332,0.66632,0.667315,0.667315,0.66632,0.664332,0.661357,0.657404,0.652485,0.646615,0.639812,0.632094,0.623487,0.614014,0.603705,0.59259,0.580703,0.568078,0.554755,0.540771,0.52617,0.510994,0.495289,0.479102,0.462481,0.445476,0.428137,0.410517,0.392667,0.374641,0.356494,0.338278,0.320049,0.30186,0.283767,0.265823,0.248081,0.230595,0.213416,0.196597,0.180187,0.164235,0.148789,0.133895,0.119597,0.105938,0.0929593,0.0806989,0.0691935,0.0584776,0.0485831,0.0395396,0.0313741,0.0241108,0.0177716,0.0123752,0.00793792,0.00447287,0.00199042,0.000497976,0,
